#MS Peaks One: + Product Ion (rt: 4.245 min) (1194.5400 -> **) (2021-02-22_EG_1228_9_msms.d)
#
Center X	Height
360.2233	1.12	
698.3751	1.12	
1780.967	1.12	
263.2484	2	
289.2068	2	
324.2169	2	
404.7686	2	
588.2648	2	
724.4421	2	
767.1985	2	
796.9299	2	
920.6107	2	
990.1489	2	
1060.656	2	
1225.5695	2	
1414.813	2	
1427.7195	2	
1547.7454	2	
198.1077	2.04	
419.5862	2.04	
526.293	2.04	
990.5536	2.04	
1495.7645	2.04	
1510.3037	2.04	
326.1881	2.12	
1163.6542	2.12	
1199.5188	2.12	
521.2976	2.25	
1197.2508	2.25	
107.1161	3	
209.4435	3	
242.3475	3	
269.1173	3	
366.3244	3	
399.1939	3	
442.2974	3	
541.4384	3	
757.42	3	
765.8314	3	
816.4449	3	
852.4774	3	
853.3198	3	
914.7357	3	
1048.5218	3	
1195.748	3	
1389.707	3	
1529.3818	3	
1677.3233	3	
1689.9731	3	
2023.0994	3	
467.9195	3.02	
1370.0696	3.02	
173.1419	3.04	
203.1288	3.04	
227.518	3.04	
384.3558	3.04	
983.4237	3.04	
1130.1154	3.04	
1195.265	3.04	
336.7838	3.12	
402.2968	3.12	
694.5322	3.12	
1340.5958	3.12	
1653.7635	3.12	
320.2395	3.25	
1242.5345	3.25	
1610.2163	3.25	
2119.0658	3.25	
322.2327	3.38	
802.68	3.38	
1197.6898	3.38	
1418.6917	3.38	
1631.4151	3.38	
555.317	4	
737.9945	4	
964.5929	4	
1109.9803	4	
1272.4904	4	
270.3389	4.02	
586.176	4.02	
1145.6377	4.02	
1197.5488	4.02	
1432.4278	4.02	
1713.1129	4.02	
1774.0944	4.02	
498.4919	4.03	
366.2785	4.04	
1267.4356	4.04	
1510.7885	4.04	
339.2839	4.08	
818.5105	4.08	
1529.5993	4.08	
1555.7686	4.08	
1420.6704	4.12	
1631.7465	4.12	
470.442	4.22	
766.1312	4.22	
786.4163	4.22	
947.9971	4.22	
1046.1369	4.22	
1193.4163	4.22	
1289.509	4.22	
1531.3274	4.22	
1661.7905	4.22	
1719.003	4.22	
583.3898	4.38	
654.7206	4.38	
1053.5424	4.38	
1210.4375	4.38	
564.357	4.5	
685.3064	4.5	
920.5633	4.5	
962.4568	4.5	
1288.7715	4.5	
571.0108	5	
609.8629	5	
720.8449	5	
798.4317	5	
897.4941	5	
1363.6702	5	
1423.0388	5	
272.1994	5.01	
476.6059	5.01	
1015.3524	5.01	
1522.0238	5.01	
244.1816	5.02	
1191.5571	5.02	
1638.1255	5.03	
1124.6167	5.04	
268.1944	5.06	
767.3525	5.06	
768.9323	5.06	
181.1825	5.08	
353.219	5.08	
542.8304	5.08	
861.8083	5.08	
968.0502	5.08	
248.1969	5.12	
154.9888	5.16	
195.6935	5.16	
250.1631	5.16	
348.0041	5.16	
879.4782	5.16	
994.0025	5.16	
278.2295	5.22	
711.5977	5.22	
946.5094	5.22	
159.1728	5.33	
524.3732	5.33	
1216.0628	5.33	
466.2336	5.38	
263.2005	5.62	
420.3519	5.62	
1187.1401	5.62	
132.1733	6	
411.3049	6	
525.8785	6	
612.4578	6	
790.0178	6	
1297.6081	6	
1372.6824	6	
1598.8478	6	
258.1808	6.01	
378.2475	6.01	
1201.3915	6.01	
1364.9156	6.01	
1469.5606	6.01	
239.1924	6.02	
606.3403	6.02	
1122.6379	6.02	
1630.6085	6.02	
1631.3244	6.02	
1653.4945	6.02	
622.6825	6.04	
1213.5516	6.04	
250.196	6.05	
253.1625	6.05	
384.2879	6.06	
448.2159	6.06	
691.412	6.06	
886.4805	6.06	
735.5131	6.08	
225.3112	6.12	
248.2263	6.12	
542.0613	6.12	
611.4566	6.12	
899.3461	6.12	
1066.9791	6.12	
167.9106	6.22	
357.2361	6.22	
1161.5836	6.22	
796.0473	6.25	
1140.6086	6.25	
922.0694	6.33	
1139.7725	6.33	
477.3939	6.38	
180.2443	6.45	
551.8575	6.45	
1188.9526	6.45	
594.3796	6.62	
682.4574	7	
1169.4768	7	
1520.4627	7	
1638.5258	7	
2149.0663	7	
270.6876	7.01	
393.6716	7.01	
592.1066	7.01	
782.5816	7.01	
793.4897	7.01	
922.5944	7.01	
1282.5653	7.01	
1351.7601	7.01	
397.1346	7.02	
401.1754	7.02	
172.0195	7.04	
602.4013	7.04	
1294.5783	7.04	
1565.7373	7.04	
636.9102	7.05	
1440.0901	7.08	
135.0296	7.1	
363.7346	7.1	
637.4056	7.1	
653.8094	7.1	
682.7069	7.1	
720.5557	7.1	
694.4129	7.12	
757.3651	7.12	
916.6604	7.12	
583.1338	7.2	
866.3344	7.2	
197.4026	7.22	
864.0879	7.22	
409.1335	7.25	
299.1695	7.33	
1119.5161	7.33	
997.348	7.35	
1469.1218	7.35	
1751.8841	7.35	
174.0758	7.45	
680.5826	7.45	
924.4349	7.45	
1140.5056	7.45	
662.1497	7.5	
1084.4912	7.56	
575.2794	8	
747.4688	8	
818.5921	8	
1282.6151	8	
1509.0208	8	
254.2088	8.01	
747.6472	8.01	
876.2139	8.01	
1132.1724	8.01	
1509.1554	8.01	
2077.2038	8.01	
419.017	8.02	
651.359	8.02	
418.0996	8.04	
100.0255	8.05	
224.7271	8.06	
667.6032	8.06	
227.167	8.09	
737.9284	8.09	
755.1738	8.09	
294.1931	8.1	
1074.382	8.12	
1157.9171	8.12	
1520.7184	8.12	
484.8428	8.16	
991.2089	8.16	
643.6557	8.17	
1716.3943	8.17	
579.9154	8.2	
224.3746	8.22	
206.1579	8.28	
467.8222	8.28	
1132.5585	8.28	
689.4092	8.33	
820.8581	8.33	
864.2599	8.35	
853.4001	8.45	
1111.0607	8.45	
1720.7272	8.45	
1863.869	8.45	
1384.7051	8.56	
1423.6025	8.56	
1661.6806	8.62	
115.5432	8.68	
1370.0403	8.68	
1567.1855	8.68	
1629.1448	8.68	
130.4289	9	
1509.8715	9	
1652.7314	9	
1691.9884	9	
313.2036	9.01	
367.0765	9.01	
490.5773	9.01	
729.4556	9.01	
1186.6791	9.01	
1607.2121	9.01	
224.3472	9.02	
543.3073	9.02	
715.3694	9.02	
975.4407	9.02	
1581.6203	9.02	
130.687	9.03	
1317.5825	9.03	
1528.3625	9.03	
1061.5617	9.05	
1525.4697	9.05	
695.4848	9.07	
768.7017	9.07	
1709.3345	9.07	
1781.5684	9.07	
149.1027	9.08	
723.3947	9.09	
682.9027	9.12	
1529.2862	9.12	
159.4661	9.14	
739.9692	9.14	
996.5462	9.14	
1148.1927	9.14	
1518.7207	9.14	
1559.6781	9.14	
790.4769	9.2	
1035.4727	9.22	
2114.9799	9.24	
344.2098	9.25	
436.2668	9.25	
422.2462	9.28	
1463.013	9.28	
1594.2147	9.33	
1645.8199	9.33	
1088.5144	9.35	
653.6941	9.38	
809.3788	9.45	
2119.2442	9.45	
1034.2167	9.5	
235.4826	9.56	
620.2481	9.56	
1660.8254	9.56	
611.7639	9.68	
648.5874	9.75	
541.546	9.8	
445.2884	9.88	
507.3463	10	
682.5755	10	
700.5077	10	
1061.9731	10	
1202.0663	10	
1206.0112	10	
1325.5642	10	
1710.056	10	
1779.7058	10	
1866.4701	10	
590.3488	10.01	
654.5828	10.01	
768.0266	10.01	
990.3131	10.01	
1143.5917	10.01	
1161.3493	10.01	
450.243	10.04	
915.5242	10.04	
1005.2881	10.05	
792.4821	10.06	
1094.0242	10.06	
1552.2336	10.07	
1597.8622	10.09	
114.1305	10.1	
468.138	10.1	
371.2368	10.12	
630.7325	10.12	
690.334	10.12	
365.6993	10.14	
863.9841	10.17	
1916.9298	10.2	
417.8083	10.21	
969.388	10.21	
1181.6797	10.21	
1611.688	10.21	
475.0366	10.24	
272.2672	10.25	
1249.6605	10.25	
1738.6982	10.28	
1135.2151	10.32	
1182.1427	10.33	
1514.868	10.33	
992.9707	10.35	
1086.5632	10.47	
763.3925	10.67	
1132.4531	10.67	
212.2051	10.68	
496.4201	10.92	
861.4768	10.92	
1509.2411	10.92	
1627.4001	10.92	
1765.1803	10.92	
302.2266	11	
564.6006	11	
581.8755	11	
781.9303	11	
975.4958	11.01	
1259.4068	11.01	
1732.8344	11.01	
584.1834	11.02	
3020.7217	11.02	
495.7641	11.03	
240.5221	11.04	
416.2539	11.04	
838.4084	11.04	
845.4695	11.04	
122.9996	11.06	
581.6728	11.08	
1327.5263	11.11	
306.0986	11.12	
1482.7447	11.12	
920.7394	11.16	
1543.3566	11.16	
239.8488	11.18	
1041.4115	11.2	
999.4447	11.24	
1447.3149	11.24	
379.2384	11.25	
1487.2785	11.25	
1528.7321	11.25	
436.5708	11.28	
566.3941	11.28	
768.4467	11.28	
817.455	11.28	
2102.9035	11.28	
1178.4681	11.32	
209.413	11.38	
368.5824	11.38	
296.2296	11.41	
379.2622	11.41	
1624.2706	11.41	
1105.5836	11.47	
125.1202	11.56	
1151.0869	11.56	
1701.8185	11.57	
610.9035	11.67	
916.0903	11.67	
560.1128	11.75	
568.9514	11.78	
607.5933	11.78	
1633.5962	11.78	
1786.9467	11.78	
384.7328	11.8	
417.9261	11.92	
1097.5172	11.92	
188.4636	12	
523.2674	12	
634.2245	12	
1139.6811	12	
1532.1559	12	
325.1062	12.01	
611.1596	12.01	
663.8188	12.01	
743.3104	12.01	
1181.3571	12.01	
1436.453	12.01	
1552.9732	12.01	
1833.8492	12.01	
1904.8508	12.01	
583.7299	12.02	
721.8251	12.02	
1628.8822	12.03	
159.3917	12.04	
1518.1662	12.04	
2105.9639	12.04	
734.7312	12.08	
1004.9133	12.08	
1631.5092	12.08	
107.083	12.12	
1178.4189	12.12	
1539.3407	12.12	
1961.8632	12.12	
774.8151	12.16	
1068.4239	12.16	
1039.0229	12.18	
321.2354	12.2	
617.2236	12.21	
1057.6585	12.21	
1371.5624	12.21	
766.8715	12.24	
1052.995	12.24	
1307.5516	12.25	
108.8169	12.28	
682.7925	12.28	
1632.3643	12.28	
1100.5172	12.32	
466.3902	12.33	
739.8229	12.33	
1628.3722	12.33	
2091.9586	12.33	
177.1038	12.35	
748.0633	12.35	
1217.0307	12.36	
1628.9243	12.36	
1441.1846	12.38	
683.4284	12.47	
1258.591	12.47	
1470.0769	12.47	
358.5878	12.56	
1691.4421	12.56	
508.0034	12.68	
523.3238	12.68	
768.8456	13	
804.3155	13	
533.9673	13.01	
918.9769	13.01	
1175.5105	13.01	
1201.6328	13.01	
1203.5009	13.01	
582.8149	13.02	
1080.3289	13.02	
1142.4167	13.02	
1458.7118	13.02	
130.1156	13.05	
1099.6523	13.05	
1509.993	13.05	
367.6494	13.09	
1122.2886	13.11	
865.5366	13.12	
356.2295	13.14	
1115.2669	13.16	
1867.7379	13.16	
861.7164	13.21	
1010.5956	13.22	
1190.6935	13.22	
1041.3876	13.24	
798.7633	13.25	
1459.4852	13.25	
1578.8334	13.25	
477.511	13.28	
1712.4028	13.33	
1202.3317	13.41	
1480.9217	13.41	
653.7384	13.44	
735.4475	13.44	
1713.7177	13.6	
719.4441	13.68	
436.3465	13.78	
477.9111	13.78	
264.2023	14	
846.4804	14	
1195.9282	14	
1847.8522	14	
2035.7047	14	
970.8206	14.01	
1103.4847	14.01	
1187.5653	14.01	
1225.4872	14.01	
1249.8336	14.01	
1533.1349	14.01	
1628.9944	14.01	
611.6237	14.03	
259.1702	14.04	
495.7458	14.04	
1194.8511	14.04	
1201.5721	14.04	
752.273	14.05	
1186.2003	14.05	
543.762	14.08	
1093.081	14.08	
413.5493	14.09	
1187.9845	14.09	
1119.4127	14.12	
1522.722	14.12	
339.334	14.14	
495.5784	14.14	
620.362	14.14	
695.1916	14.14	
965.4244	14.14	
851.3513	14.16	
1754.8411	14.16	
131.3874	14.18	
650.2239	14.18	
644.157	14.2	
654.1176	14.22	
730.3382	14.22	
820.5872	14.25	
1315.6182	14.28	
436.4209	14.29	
567.8956	14.29	
903.4218	14.29	
1050.9816	14.29	
1152.145	14.29	
1295.4531	14.29	
1754.6099	14.29	
1670.7537	14.36	
2079.929	14.36	
1442.6773	14.4	
1780.4409	14.4	
197.1429	14.45	
1191.0502	14.45	
354.5585	14.47	
513.1442	14.5	
488.3859	14.53	
1525.022	14.53	
1721.0055	14.53	
1173.1675	14.67	
1445.6722	14.67	
219.0949	14.68	
1883.8846	14.69	
621.2552	14.89	
655.9863	14.89	
865.3254	14.92	
677.4094	15	
807.8778	15	
864.8618	15	
1122.242	15	
668.3936	15.01	
1234.5655	15.01	
169.1913	15.02	
1463.6704	15.02	
1618.3088	15.03	
576.2718	15.05	
815.1934	15.06	
1441.6716	15.08	
1588.8303	15.08	
1120.53	15.1	
969.3376	15.11	
229.0949	15.12	
1942.7465	15.17	
1324.8438	15.18	
227.3871	15.19	
239.4722	15.2	
915.7222	15.2	
446.1973	15.29	
879.5297	15.32	
763.4949	15.36	
1769.8077	15.36	
1174.6269	15.41	
1205.6608	15.41	
1462.7589	15.41	
1537.5684	15.41	
424.2644	15.45	
167.7199	15.47	
593.0712	15.48	
1333.0917	15.48	
1353.1022	15.48	
534.2463	15.56	
1622.4288	15.56	
1010.4743	15.62	
885.3847	15.8	
834.4222	15.89	
1706.2555	15.89	
256.4831	16	
741.0111	16	
1379.5803	16	
1451.9728	16	
1960.8668	16	
1371.3178	16.01	
1521.1017	16.01	
618.7529	16.02	
1319.5497	16.02	
184.255	16.03	
111.1025	16.04	
765.6071	16.04	
837.4743	16.04	
1189.9498	16.04	
1236.5618	16.04	
582.8569	16.07	
741.9276	16.07	
1565.5447	16.07	
1875.8818	16.08	
764.1493	16.09	
174.1422	16.12	
1498.6395	16.12	
1712.0772	16.12	
930.4438	16.14	
1129.6508	16.24	
1823.88	16.24	
682.0625	16.25	
495.6186	16.28	
1651.7243	16.35	
692.3665	16.41	
1134.536	16.44	
1158.1425	16.48	
1191.4299	16.53	
1664.3943	16.53	
685.2538	16.56	
256.2133	16.57	
487.2037	16.57	
524.5634	16.6	
300.1127	16.72	
1316.514	16.72	
412.5753	16.9	
739.517	16.9	
296.5383	16.92	
1532.4498	16.92	
159.5653	17.01	
1325.0707	17.01	
1884.5475	17.01	
325.639	17.02	
667.19	17.02	
1187.5164	17.02	
316.466	17.03	
2016.9411	17.04	
1454.3577	17.05	
710.3006	17.1	
409.1591	17.11	
619.2199	17.12	
682.4938	17.12	
1339.6349	17.15	
416.7736	17.16	
1313.5605	17.16	
1789.8462	17.16	
270.5211	17.17	
440.399	17.17	
467.3032	17.21	
1560.7206	17.21	
1569.7365	17.29	
503.4629	17.31	
609.9659	17.31	
1530.1023	17.31	
1371.0097	17.36	
1448.2221	17.41	
502.1941	17.47	
1366.6224	17.5	
763.6695	17.52	
1500.8606	17.57	
699.2941	17.66	
1079.3811	17.66	
208.1382	17.72	
1036.5072	17.8	
511.2362	17.82	
586.2954	18	
865.6797	18	
914.9795	18	
917.2287	18	
968.9697	18	
1001.3907	18	
1095.4547	18	
1122.0674	18	
113.0935	18.01	
313.6904	18.01	
620.2841	18.01	
791.5019	18.01	
1402.1348	18.01	
1609.5399	18.01	
413.0838	18.02	
948.4262	18.02	
1066.0508	18.02	
1066.9073	18.02	
1246.0358	18.02	
616.3166	18.09	
1632.1664	18.11	
764.0945	18.16	
864.1424	18.16	
941.224	18.17	
1826.2964	18.17	
164.4331	18.23	
1183.4637	18.23	
1116.6718	18.29	
568.2734	18.31	
1382.3185	18.31	
691.7776	18.33	
676.3334	18.38	
813.4046	18.38	
232.0702	18.4	
865.1064	18.44	
1350.5818	18.47	
1173.4264	18.52	
384.6801	18.65	
1039.5442	18.68	
1410.6596	18.72	
432.7161	18.75	
404.7321	18.78	
645.5686	18.78	
523.2367	19.01	
864.9022	19.01	
1655.7707	19.02	
498.674	19.03	
1114.9836	19.04	
1258.6175	19.04	
1490.7542	19.04	
2004.8356	19.09	
1169.527	19.11	
1404.2369	19.12	
1534.0883	19.12	
955.3964	19.15	
1078.7986	19.15	
1191.4857	19.18	
1332.1301	19.2	
1434.7003	19.21	
737.5352	19.23	
790.69	19.23	
1713.6195	19.23	
1963.8185	19.25	
2011.9962	19.25	
1031.4176	19.28	
576.2485	19.34	
1127.4434	19.34	
829.3465	19.35	
1928.5467	19.38	
1124.3155	19.45	
611.5232	19.48	
1079.4953	19.52	
1586.0191	19.52	
1570.7371	19.57	
876.5756	19.6	
1495.3922	19.6	
2007.9028	19.6	
439.2946	19.62	
1034.946	19.67	
868.577	19.72	
1182.5166	19.84	
1850.7823	19.84	
737.4564	20	
1800.5137	20	
1894.8971	20	
2247.9481	20	
477.2891	20.01	
1005.4754	20.01	
920.8639	20.02	
1131.4591	20.02	
201.113	20.03	
381.0647	20.03	
525.1371	20.04	
1170.6728	20.04	
271.1681	20.08	
302.0725	20.08	
434.1563	20.08	
394.6574	20.11	
1363.5937	20.11	
1659.9027	20.11	
1430.7019	20.16	
1379.619	20.2	
1664.7352	20.21	
1615.749	20.22	
767.6315	20.23	
1191.6048	20.23	
1662.8529	20.23	
1396.493	20.25	
1382.5511	20.33	
335.1532	20.36	
1734.3524	20.36	
367.4428	20.4	
453.1583	20.41	
608.1476	20.44	
612.6384	20.45	
1244.4535	20.48	
1477.5391	20.52	
844.3687	20.64	
1596.1692	20.64	
636.9568	20.72	
1083.3848	20.72	
162.5932	20.78	
824.7494	20.78	
1403.6316	20.78	
721.6073	20.89	
164.0635	20.94	
328.1212	21	
565.402	21	
916.1659	21	
1112.5188	21	
1440.5791	21	
244.0766	21.01	
683.1749	21.01	
1366.6881	21.01	
624.3505	21.02	
1159.5487	21.02	
1253.4809	21.02	
1517.7012	21.06	
1608.4943	21.06	
106.5738	21.08	
1083.622	21.08	
1037.5782	21.09	
1156.5071	21.11	
1182.3369	21.12	
1325.4009	21.12	
1002.4372	21.14	
1337.5749	21.14	
1173.7239	21.15	
613.404	21.16	
175.0559	21.17	
236.1331	21.17	
791.1026	21.17	
1404.6472	21.18	
465.7572	21.19	
704.2566	21.2	
2330.9687	21.22	
525.0977	21.25	
427.2372	21.32	
1195.1988	21.33	
1364.096	21.33	
227.0465	21.39	
582.9373	21.41	
2091.0232	21.44	
1619.0254	21.47	
384.5918	21.48	
1712.9258	21.49	
471.0772	21.57	
1214.5506	21.57	
1626.9509	21.57	
1102.9742	21.6	
1399.668	21.65	
1259.1605	21.69	
1258.5001	21.72	
710.061	21.73	
400.8557	21.75	
1646.7997	21.8	
1319.649	21.88	
646.2559	21.9	
679.7816	22	
1710.6538	22	
198.0882	22.01	
1640.3064	22.01	
272.5205	22.02	
225.2802	22.04	
430.2498	22.04	
794.9191	22.04	
999.3467	22.04	
1172.3439	22.04	
1619.4158	22.04	
1221.3389	22.05	
1384.5808	22.05	
1144.0972	22.09	
638.8058	22.11	
183.4374	22.12	
495.8183	22.12	
657.788	22.12	
687.2181	22.15	
1618.8819	22.19	
459.4629	22.2	
1561.6004	22.2	
578.8434	22.21	
622.8153	22.23	
1691.5881	22.23	
767.574	22.25	
331.46	22.27	
1492.7015	22.27	
1872.4815	22.27	
252.0952	22.32	
1454.6228	22.33	
276.7543	22.36	
1547.6362	22.37	
1174.5041	22.38	
1632.4893	22.38	
270.9678	22.4	
1711.0839	22.4	
493.1766	22.44	
1023.3722	22.47	
1523.3799	22.56	
277.86	22.57	
1180.4257	22.64	
272.7119	22.78	
1213.6021	22.78	
766.0213	22.96	
1163.7945	22.96	
1668.7847	22.96	
711.0245	23	
1081.5344	23	
1556.125	23	
1594.1548	23.02	
552.3375	23.03	
115.1288	23.05	
1087.4118	23.05	
653.5073	23.06	
1864.5632	23.06	
1468.5748	23.11	
656.0337	23.14	
1158.5461	23.18	
1977.8641	23.21	
396.4224	23.24	
1166.5299	23.25	
482.6835	23.29	
270.6029	23.33	
1784.5641	23.34	
874.291	23.35	
2119.8646	23.41	
841.3563	23.62	
767.2947	23.77	
354.1324	23.78	
741.2835	23.88	
695.879	24	
923.3834	24	
975.8628	24	
533.2287	24.01	
765.7359	24.01	
1270.6313	24.02	
2148.9527	24.03	
1194.7025	24.05	
416.0624	24.07	
484.1628	24.07	
324.4005	24.08	
655.588	24.08	
827.5179	24.08	
1132.687	24.09	
1433.6487	24.09	
1219.5297	24.12	
1608.8289	24.12	
666.3496	24.24	
768.9917	24.28	
1730.0744	24.28	
562.1587	24.37	
693.9102	24.4	
1134.0258	24.4	
1495.1314	24.4	
1540.0271	24.52	
1593.1715	24.52	
1627.3137	24.62	
481.8766	24.68	
572.2591	24.69	
365.6661	24.72	
1472.6201	24.75	
2083.9432	24.75	
1334.6149	24.85	
432.2191	24.92	
662.1189	24.97	
445.1824	25	
1595.7789	25	
402.2127	25.04	
1062.5132	25.04	
769.2697	25.05	
578.886	25.06	
570.3044	25.07	
950.4503	25.07	
2586.5298	25.08	
1014.0015	25.14	
1195.4361	25.17	
1510.1956	25.17	
135.9905	25.25	
1111.8349	25.25	
1561.723	25.29	
1027.4603	25.33	
1661.1494	25.33	
649.1343	25.39	
2199.0121	25.39	
1366.5469	25.43	
1425.6453	25.46	
694.0919	25.48	
1220.1263	25.56	
1363.3257	25.56	
1128.0094	25.57	
684.9749	25.8	
1363.94	25.8	
1369.7761	25.8	
1562.2127	25.8	
1124.8969	25.84	
2328.405	25.88	
559.2401	25.89	
380.5766	26	
608.4132	26	
1153.6041	26	
1863.8133	26	
535.0762	26.01	
1090.2216	26.04	
1540.1254	26.09	
694.1564	26.1	
611.383	26.11	
611.3569	26.18	
1302.6211	26.23	
611.8574	26.27	
499.3064	26.29	
1706.9039	26.29	
1528.9605	26.31	
376.1732	26.38	
1452.0457	26.38	
578.7729	26.41	
1710.6149	26.57	
1765.8036	26.64	
793.5472	26.67	
158.0231	26.75	
355.3957	26.8	
1537.085	26.85	
1405.5796	26.9	
602.3399	26.94	
723.448	27	
806.347	27	
1190.5975	27	
1206.6013	27	
1528.7022	27	
612.1567	27.01	
618.2392	27.02	
1129.4254	27.02	
1182.0143	27.02	
1714.4273	27.02	
284.5621	27.04	
665.3868	27.04	
852.3868	27.04	
1238.5133	27.06	
1369.0656	27.06	
1470.9466	27.07	
1594.6822	27.1	
478.2863	27.11	
820.0377	27.11	
654.3694	27.12	
762.3463	27.12	
1024.3762	27.12	
519.1914	27.16	
683.3501	27.16	
1680.2019	27.18	
398.6549	27.2	
341.2123	27.24	
873.9117	27.27	
1193.5027	27.29	
608.9544	27.35	
1483.9586	27.35	
320.1052	27.36	
562.2831	27.38	
270.0361	27.41	
1243.4545	27.41	
717.2745	27.44	
2074.9449	27.45	
298.6519	27.46	
605.3105	27.48	
447.2102	27.56	
953.395	27.68	
412.5041	27.72	
682.1215	27.72	
1333.6708	27.72	
650.3227	27.75	
536.1985	27.78	
1671.8073	27.78	
1540.7543	27.84	
405.7698	27.88	
707.3563	27.89	
495.0602	28.01	
1405.677	28.01	
921.4862	28.03	
618.1824	28.06	
471.6188	28.09	
1713.0417	28.09	
1888.2151	28.09	
469.2204	28.1	
393.1149	28.11	
1453.6141	28.16	
1596.5121	28.17	
385.3238	28.19	
1293.5673	28.22	
864.5529	28.24	
1291.2291	28.25	
1432.3854	28.25	
865.9452	28.38	
239.7996	28.41	
915.2967	28.45	
904.4225	28.47	
865.0011	28.48	
701.308	28.49	
1780.1896	28.49	
1248.5778	28.57	
1527.9871	28.69	
1511.7258	28.72	
668.2588	28.76	
464.1356	28.84	
828.3231	29	
1553.6436	29.01	
457.9889	29.02	
728.3023	29.02	
721.5356	29.05	
1102.4764	29.08	
706.3088	29.11	
611.9288	29.13	
1998.6192	29.13	
450.4039	29.16	
769.0672	29.16	
2212.3035	29.16	
530.3981	29.18	
769.9446	29.19	
1764.577	29.2	
766.1883	29.22	
212.0977	29.3	
1577.6941	29.33	
1761.692	29.34	
1535.4772	29.47	
224.1621	29.56	
1361.5334	29.58	
670.2549	29.76	
835.8458	29.84	
741.252	29.89	
450.1365	30.01	
1734.7882	30.01	
535.2694	30.02	
2102.0048	30.02	
1265.5319	30.04	
1101.7392	30.06	
514.1012	30.07	
464.2593	30.09	
495.679	30.16	
1481.1684	30.22	
226.2525	30.25	
681.797	30.25	
1468.8812	30.25	
163.0489	30.28	
554.8812	30.39	
1241.6175	30.45	
1912.3049	30.52	
1009.9815	30.53	
496.076	30.56	
1423.4403	30.56	
395.2301	30.72	
952.9173	30.73	
610.7204	30.78	
1166.8086	30.82	
992.4366	30.85	
1071.5077	30.89	
765.9576	30.94	
1363.5548	31.02	
1472.0396	31.04	
1407.5847	31.06	
1572.6626	31.07	
1626.6507	31.09	
765.1589	31.14	
852.7761	31.14	
567.1775	31.22	
1026.4013	31.23	
414.1577	31.25	
583.0191	31.37	
315.1117	31.38	
1099.9981	31.39	
1780.6265	31.45	
1609.7319	31.53	
1978.7764	31.56	
472.5854	31.6	
578.6465	31.64	
950.3553	31.68	
1371.6953	31.68	
1223.6275	31.69	
258.1359	31.8	
1624.4945	31.8	
1398.0117	31.92	
507.1427	32	
820.7032	32	
320.2058	32.01	
462.182	32.02	
1498.481	32.02	
2240.9669	32.02	
484.212	32.04	
889.2972	32.12	
106.4154	32.18	
831.2703	32.19	
1189.7584	32.2	
1144.0361	32.21	
887.8805	32.23	
2028.8715	32.33	
1469.4278	32.34	
1640.5463	32.34	
1419.6413	32.35	
692.8295	32.39	
1029.3658	32.39	
782.0664	32.49	
1520.5731	32.49	
582.7234	32.59	
1001.4762	32.67	
1570.6797	32.7	
396.2623	32.72	
2445.3016	32.89	
584.6212	32.91	
638.2441	33	
945.4956	33	
959.397	33	
1680.7699	33	
884.464	33.02	
1315.5663	33.06	
1545.7139	33.06	
1145.0244	33.07	
1037.5341	33.09	
771.3688	33.2	
457.2231	33.24	
973.9468	33.27	
145.0432	33.28	
819.7461	33.35	
1047.6994	33.36	
969.492	33.41	
1779.0279	33.45	
1666.7267	33.46	
311.1698	33.48	
1172.1766	33.52	
1013.3852	33.6	
553.2801	33.69	
708.3296	33.72	
897.2888	33.79	
1535.6827	33.85	
737.167	33.88	
1000.4859	34	
1623.7802	34	
1372.1931	34.01	
1254.5767	34.02	
1086.003	34.04	
639.2719	34.05	
695.3519	34.12	
1528.1451	34.12	
532.2885	34.14	
1641.081	34.14	
681.9144	34.22	
1060.8504	34.22	
678.9663	34.24	
1070.4802	34.24	
1743.9565	34.25	
1511.9805	34.29	
535.2456	34.35	
594.4982	34.38	
864.7721	34.46	
300.1775	34.48	
604.2442	34.48	
1639.7817	34.5	
861.3957	34.53	
1107.7924	34.53	
1073.4258	34.56	
1566.704	34.72	
1015.4412	34.84	
1562.7488	34.84	
1719.9558	34.94	
739.6289	34.96	
1528.2171	34.97	
610.9835	35	
734.5554	35	
1533.7345	35	
1602.7146	35	
226.0686	35.03	
1503.3006	35.05	
422.1509	35.1	
591.2768	35.12	
1261.7335	35.15	
341.7781	35.19	
1650.6974	35.22	
1285.5297	35.29	
1710.8838	35.35	
329.1608	35.37	
1208.4607	35.39	
1688.0705	35.46	
1173.5401	35.52	
1609.2123	35.62	
1521.6853	35.68	
936.3482	35.77	
729.4092	35.8	
823.368	35.84	
506.2175	35.92	
392.2248	36	
585.2872	36	
1992.3375	36	
378.3557	36.01	
1521.4813	36.04	
1279.5548	36.05	
1629.5135	36.08	
785.3344	36.09	
1123.5697	36.09	
1664.792	36.11	
380.7799	36.12	
1223.4888	36.17	
1551.7794	36.18	
967.3791	36.23	
238.7358	36.37	
541.9755	36.43	
1049.5405	36.43	
1099.424	36.45	
584.3203	36.47	
786.2031	36.47	
916.4028	36.5	
553.5069	36.57	
1493.6829	36.61	
637.9102	36.64	
1003.9226	36.64	
1702.0716	36.7	
583.1628	36.76	
765.2113	36.77	
1020.6974	36.92	
1187.2539	37	
1916.9899	37	
494.231	37.01	
1746.9841	37.03	
1124.5719	37.04	
879.3649	37.05	
1422.6731	37.07	
279.1068	37.1	
521.15	37.12	
1515.3055	37.15	
1530.0207	37.17	
524.2618	37.27	
1478.6483	37.37	
337.1861	37.41	
539.1927	37.5	
486.1985	37.64	
481.2547	37.89	
747.4311	37.92	
1607.9647	37.92	
1426.6992	37.96	
782.3678	38.01	
847.3806	38.01	
512.2688	38.02	
935.4652	38.02	
1491.7212	38.03	
1644.7722	38.04	
2005.8634	38.05	
1122.4399	38.06	
749.3779	38.08	
952.4275	38.16	
1692.7595	38.16	
1450.6884	38.2	
877.512	38.23	
779.1241	38.24	
1676.5953	38.27	
1527.4889	38.54	
836.0161	38.64	
1627.9127	38.85	
1522.6203	39	
343.1346	39.02	
1243.5697	39.02	
1654.6674	39.02	
541.2937	39.08	
181.0563	39.09	
1754.7917	39.09	
755.8422	39.1	
1693.605	39.11	
1166.4599	39.12	
874.4657	39.14	
1762.8149	39.23	
308.1351	39.34	
494.1715	39.52	
1301.5884	39.67	
230.0892	39.69	
1370.8026	39.69	
525.2311	39.75	
392.1353	39.77	
1485.1829	39.8	
337.1297	39.89	
612.0649	39.96	
802.9656	40	
1519.749	40	
494.1482	40.02	
711.2934	40.02	
1155.5327	40.02	
1371.6402	40.02	
1437.4278	40.02	
383.1711	40.04	
652.6902	40.04	
1480.6937	40.09	
1147.0184	40.11	
2164.9998	40.11	
265.0604	40.12	
968.3993	40.12	
1341.5438	40.2	
1085.4416	40.21	
1201.3141	40.24	
248.1009	40.25	
336.1221	40.33	
1045.4832	40.38	
410.9598	40.44	
223.0534	40.45	
1471.9485	40.45	
237.0633	40.55	
496.1667	40.57	
1085.477	40.72	
394.1993	40.75	
872.8851	40.77	
1555.6897	40.78	
564.1664	40.93	
2234.0189	40.93	
282.2223	40.98	
268.1261	41	
525.2	41.03	
480.1789	41.04	
994.9121	41.05	
1179.5171	41.16	
451.6663	41.29	
1586.7802	41.29	
1609.0103	41.41	
299.1228	41.5	
925.3998	41.52	
1135.5905	41.53	
763.5643	41.54	
1186.6224	41.57	
365.1642	41.6	
822.7229	41.64	
1527.9363	41.99	
1033.44	42	
1347.6231	42	
605.2368	42.01	
1626.5404	42.01	
1208.4854	42.02	
800.3078	42.04	
1790.7946	42.1	
161.9069	42.22	
379.1471	42.22	
1083.7164	42.23	
1066.0055	42.25	
598.2444	42.28	
548.2531	42.3	
1181.9426	42.31	
1084.2978	42.37	
303.1458	42.39	
1355.5905	42.39	
854.3343	42.46	
311.1123	42.56	
1205.6	42.65	
1711.5014	42.65	
739.3077	42.67	
446.1433	42.69	
1324.3218	42.82	
169.0973	42.9	
859.3523	42.92	
747.5307	42.94	
1352.5147	42.96	
1471.6406	42.96	
793.6202	43	
1159.2419	43	
973.4391	43.01	
323.2036	43.04	
765.6771	43.04	
1164.9419	43.04	
773.2493	43.05	
1394.6607	43.05	
1828.8819	43.08	
1209.4623	43.2	
476.1499	43.22	
1629.4714	43.24	
385.494	43.33	
766.5469	43.41	
1205.5514	43.46	
1353.3965	43.46	
1627.173	43.53	
1976.2415	43.86	
539.3068	43.89	
301.1745	43.9	
832.3425	44.02	
1469.987	44.02	
2141.9505	44.02	
663.3175	44.05	
1327.5945	44.12	
675.8812	44.3	
1527.2351	44.31	
909.6454	44.35	
1525.365	44.35	
880.345	44.52	
527.3091	44.56	
292.2691	44.57	
639.3689	44.6	
790.176	44.61	
888.2285	44.98	
1611.7632	44.98	
1105.4674	45.11	
863.881	45.15	
207.0327	45.17	
1233.2968	45.21	
344.1787	45.25	
796.3636	45.45	
167.1126	45.76	
417.141	45.88	
664.7226	45.92	
1513.6991	45.92	
1135.996	46.02	
990.9584	46.06	
742.6096	46.07	
1033.5408	46.07	
1538.325	46.08	
1326.5879	46.1	
195.1103	46.24	
1375.6608	46.24	
1271.5838	46.33	
751.3394	46.43	
566.7003	46.49	
1395.6577	46.56	
792.7361	46.57	
772.3091	46.83	
736.8286	46.89	
1717.8058	47.01	
1535.7224	47.03	
930.3488	47.04	
1349.614	47.09	
535.1888	47.16	
1534.0067	47.18	
766.4675	47.19	
681.1415	47.22	
1413.6518	47.28	
1711.0132	47.28	
425.9375	47.29	
1052.9581	47.34	
1525.3171	47.48	
1709.6209	47.5	
1155.9161	47.52	
476.4044	47.67	
353.728	47.69	
803.4341	47.96	
610.6418	48	
496.6736	48.01	
1046.6327	48.02	
633.2927	48.04	
1114.5931	48.24	
1529.0828	48.25	
467.7396	48.32	
474.2164	48.46	
796.851	48.47	
373.1587	48.6	
314.1218	48.69	
1040.4463	48.71	
421.1735	48.82	
478.5556	48.92	
986.4182	48.94	
1485.7401	49	
616.2221	49.02	
2021.8968	49.18	
1150.0197	49.23	
1278.3202	49.23	
1622.8003	49.3	
825.3594	49.31	
1479.7015	49.32	
834.3621	49.33	
1333.8668	49.33	
1143.4872	49.38	
1503.7087	49.38	
1440.7058	49.45	
763.3391	49.48	
1521.7576	49.68	
226.8112	49.72	
1331.5504	49.89	
1184.4807	50.01	
1342.6173	50.01	
179.0555	50.02	
1110.1013	50.08	
778.3588	50.16	
606.7511	50.21	
1220.951	50.32	
581.3349	50.35	
936.3973	50.37	
716.2756	50.41	
1636.4852	50.41	
1200.975	50.42	
998.4428	50.44	
730.2727	50.52	
385.0864	50.57	
538.3207	50.66	
771.1431	50.89	
881.4143	50.94	
1409.5942	50.96	
1021.4774	51.02	
1075.5152	51.02	
1882.8329	51.14	
968.4364	51.22	
1174.1339	51.23	
611.0816	51.28	
216.0986	51.29	
1159.8994	51.4	
905.5064	51.45	
561.2361	51.49	
948.3603	51.54	
327.11	51.57	
1424.6533	51.65	
717.3548	51.78	
505.2199	51.81	
683.2793	51.81	
622.3522	51.82	
1115.5284	51.82	
807.0827	52.03	
1321.5694	52.03	
929.4644	52.07	
1084.9605	52.12	
788.8667	52.16	
1193.3223	52.22	
1139.4934	52.26	
2481.7929	52.27	
359.2016	52.34	
1012.3402	52.54	
1352.6323	52.57	
1598.5894	52.69	
308.1089	52.85	
630.2733	52.89	
855.3822	53.01	
501.165	53.02	
1215.5519	53.02	
323.1223	53.05	
1470.8402	53.06	
525.1702	53.12	
1305.6696	53.12	
198.0703	53.2	
693.3714	53.22	
744.9145	53.29	
331.1552	53.32	
213.0662	53.36	
438.2029	53.4	
1537.1947	53.4	
900.447	53.44	
1290.5824	53.65	
712.3878	53.69	
739.3818	53.7	
1026.489	53.73	
1085.5345	53.78	
627.2909	53.82	
1528.4992	53.9	
694.2361	53.92	
1239.5175	53.97	
648.258	54.01	
1323.5659	54.04	
918.3667	54.06	
737.8812	54.12	
1452.7128	54.18	
455.2323	54.23	
169.1319	54.27	
444.2451	54.35	
262.1374	54.52	
1066.5327	54.57	
993.9373	54.61	
676.9348	54.75	
1712.2627	54.78	
736.711	55	
1131.5117	55	
549.2462	55.01	
1893.4143	55.26	
635.3339	55.31	
1181.4534	55.33	
755.3726	55.35	
589.7331	55.4	
293.1927	55.46	
1117.0181	55.48	
926.4224	55.5	
499.191	55.61	
995.9475	55.61	
1645.7419	55.72	
1120.882	55.84	
919.435	55.88	
1047.4909	56.03	
130.2426	56.11	
216.0743	56.17	
1628.6297	56.17	
431.2093	56.2	
1747.814	56.47	
1149.0362	56.48	
1730.0264	56.56	
1280.5623	56.88	
523.1585	56.9	
837.3987	56.9	
766.2651	57	
1538.0659	57.01	
1742.9118	57.01	
1206.2874	57.03	
1189.5775	57.06	
490.2155	57.07	
218.0928	57.11	
471.2128	57.14	
990.8793	57.14	
480.252	57.22	
1709.4019	57.25	
462.2153	57.28	
482.1816	57.37	
812.3346	57.39	
611.6916	57.41	
661.267	57.41	
1303.3917	57.46	
493.2128	57.66	
982.9446	57.85	
827.3481	57.88	
1690.4168	57.89	
1709.2021	58.01	
361.154	58.05	
1627.1221	58.05	
1423.3103	58.08	
1277.5243	58.12	
1377.5801	58.28	
1706.0005	58.29	
944.3861	58.37	
1470.6674	58.44	
329.1304	58.45	
1329.1436	58.47	
524.2331	58.56	
473.2279	58.57	
220.142	58.58	
569.2568	58.6	
260.6722	58.68	
171.0761	58.75	
404.1708	58.8	
674.2045	58.94	
701.2806	59.03	
443.1744	59.09	
1627.5908	59.12	
939.4032	59.3	
585.2195	59.33	
2103.951	59.36	
126.0334	59.57	
1039.4632	59.57	
487.2445	59.69	
1078.9763	59.92	
676.256	60	
729.3288	60.01	
1495.6203	60.01	
1831.1572	60.02	
847.4823	60.17	
784.3643	60.18	
530.2898	60.23	
1132.0116	60.41	
1178.615	60.5	
1196.049	60.64	
1234.3003	60.69	
2090.9534	60.69	
2147.9315	60.73	
689.3256	60.78	
508.3018	61	
776.3326	61	
1578.759	61.04	
1165.0351	61.05	
215.0437	61.17	
267.1647	61.17	
1470.1874	61.2	
1629.7817	61.56	
631.1403	61.62	
1131.0195	61.64	
185.1294	62	
1283.5792	62	
1543.7283	62	
512.237	62.02	
1312.0845	62.02	
1511.5819	62.02	
1013.948	62.12	
449.2179	62.17	
1950.9172	62.22	
731.2953	62.34	
835.515	62.41	
737.2326	62.45	
1448.6285	62.45	
976.5327	62.56	
1475.7198	62.57	
1396.5796	62.76	
1483.6857	62.81	
914.2692	62.91	
1167.0575	62.91	
1362.5797	63.02	
506.2435	63.06	
556.2423	63.09	
1505.351	63.09	
1438.6715	63.11	
413.2605	63.17	
816.3536	63.41	
351.2037	63.44	
1086.4474	63.47	
213.103	63.53	
326.1473	63.53	
1083.9811	63.53	
469.1378	63.57	
1780.8167	63.6	
207.0743	63.89	
1011.4939	63.89	
1146.5314	64	
400.1529	64.02	
1017.3916	64.03	
1226.4935	64.04	
1511.6674	64.07	
236.0813	64.11	
500.2331	64.52	
1692.8	64.75	
654.1979	64.96	
1495.6831	64.99	
419.1271	65.01	
644.2787	65.02	
737.0599	65.03	
630.2195	65.12	
969.4488	65.16	
1514.7274	65.2	
455.2935	65.22	
1489.5804	65.27	
992.7978	65.41	
320.141	65.58	
1537.7182	65.64	
640.2432	65.69	
1353.5125	65.84	
360.1464	65.97	
1095.0011	66	
614.3946	66.01	
112.0205	66.07	
528.1776	66.08	
408.1822	66.32	
469.1618	66.4	
475.205	66.43	
160.7	66.46	
752.3972	66.49	
183.0592	66.65	
394.122	66.67	
1618.9455	66.68	
1564.7097	66.71	
595.2125	66.76	
1055.4692	66.92	
1018.4115	67	
1113.4928	67	
1342.5769	67.1	
1406.6419	67.15	
1043.9598	67.17	
1279.0435	67.24	
921.9418	67.28	
698.3028	67.29	
1391.5481	67.33	
1136.5964	67.45	
1479.6582	67.8	
908.3604	67.91	
1219.4204	68	
381.1892	68.11	
1451.6588	68.14	
542.1803	68.32	
463.2336	68.43	
891.4771	68.44	
399.1407	68.45	
1641.754	68.54	
1242.6053	68.68	
104.0512	68.81	
1052.3618	68.85	
990.4528	68.89	
623.2773	69	
451.14	69.01	
473.1828	69.05	
265.1356	69.26	
106.0307	69.45	
1767.7782	69.85	
1068.9922	70	
839.3511	70.01	
1053.4696	70.02	
211.18	70.03	
522.1771	70.03	
1589.7451	70.07	
1406.4732	70.24	
188.0704	70.47	
738.3432	70.5	
465.1909	70.6	
156.0445	70.62	
237.1318	70.8	
208.1034	70.81	
1020.4909	70.84	
498.2141	70.86	
612.369	71.04	
1196.9861	71.07	
1196.2754	71.22	
1515.145	71.35	
1110.9751	71.57	
757.3015	71.58	
1978.6932	71.63	
250.0863	71.67	
391.1402	71.84	
1252.4983	71.88	
1374.6966	72	
627.3326	72.05	
1626.3816	72.46	
589.1607	72.81	
358.1227	72.92	
1456.0285	72.98	
358.1606	73	
1529.517	73.04	
1662.7756	73.38	
293.0965	73.41	
389.1831	73.56	
1326.5424	73.62	
442.1161	73.76	
1109.4871	73.92	
319.1377	73.93	
1333.5993	74	
688.2927	74.01	
681.9593	74.08	
438.1403	74.12	
490.2451	74.12	
824.3708	74.17	
540.2503	74.22	
811.3709	74.44	
940.9353	74.53	
309.1517	74.64	
2119.9854	75.01	
1347.2655	75.03	
323.1617	75.11	
475.242	75.25	
702.3104	75.39	
1042.5607	75.45	
516.1526	75.51	
634.2712	75.76	
1648.7681	75.83	
1234.6286	75.94	
364.0998	76	
700.296	76.12	
1325.9884	76.16	
1397.6327	76.17	
752.3522	76.23	
406.1529	76.36	
526.2255	76.37	
1544.7013	76.37	
1011.9354	76.5	
1186.4243	76.53	
1015.4773	76.57	
1202.4895	76.8	
316.1086	77.01	
749.4165	77.09	
1292.6029	77.1	
294.1568	77.12	
549.2784	77.15	
709.3657	77.22	
1057.3326	77.24	
1047.9804	77.52	
277.1326	77.69	
1261.5439	77.77	
797.9234	78.02	
736.6069	78.03	
663.2414	78.04	
1496.6696	78.16	
1716.0482	78.16	
947.4108	78.22	
139.0822	78.24	
1168.5074	78.72	
1088.9852	78.76	
179.0795	78.93	
352.1736	78.96	
833.3981	79	
1499.7058	79	
311.202	79.09	
246.1172	79.26	
1159.051	79.35	
747.2444	79.36	
872.363	79.48	
692.3079	80	
901.5389	80.08	
1289.6329	80.13	
1527.3369	80.16	
439.1789	80.19	
1674.7363	80.25	
127.0835	80.41	
736.582	80.43	
685.799	80.63	
374.2179	81.08	
1176.5443	81.08	
1158.4497	81.25	
245.096	81.42	
1672.7383	81.52	
1004.9721	81.53	
393.2498	81.67	
631.2069	81.68	
500.1325	81.76	
257.1445	81.83	
956.9573	81.86	
1253.5732	82.03	
147.0752	82.16	
1169.5915	82.41	
255.0878	82.76	
1211.2053	83.09	
369.1289	83.34	
2202.9278	83.42	
407.1297	83.71	
666.2823	83.82	
1061.4907	84.06	
253.0969	84.4	
695.2908	84.7	
1092.5057	84.82	
1446.6986	84.83	
3144.4346	84.84	
349.1662	84.85	
991.4749	85.12	
292.1653	85.26	
408.126	85.62	
352.1427	85.73	
921.4129	86.05	
821.3796	86.09	
348.1827	86.18	
1372.3614	86.23	
209.0937	86.48	
276.1314	86.54	
305.156	86.68	
1636.0925	86.72	
1038.4822	87.03	
420.2544	87.04	
677.2579	87.63	
225.0659	88.02	
461.1914	88.04	
505.7277	88.21	
876.4274	88.22	
1037.4743	88.27	
875.3697	88.35	
529.2614	88.46	
509.298	88.63	
678.3071	88.76	
448.1652	88.77	
1168.4684	88.84	
539.2604	89	
1761.8451	89	
1150.45	89.12	
650.2686	89.13	
791.3946	89.37	
567.2302	89.38	
536.0589	89.53	
298.0815	89.89	
353.1222	90	
972.959	90	
1491.6548	90.12	
252.1305	90.44	
805.3426	90.72	
774.3235	90.79	
1489.6654	91.06	
1624.6062	91.09	
1375.6097	91.34	
2119.9378	91.43	
1673.7328	91.65	
1149.5377	91.67	
1180.013	91.81	
322.1642	92.16	
974.5084	92.22	
1146.0166	92.3	
764.2293	92.31	
870.3607	92.35	
528.2165	93.01	
288.1146	93.02	
1246.6415	93.03	
1157.8112	93.05	
851.3011	93.09	
979.7552	93.1	
1527.7894	93.18	
1180.7124	93.26	
1353.6676	93.68	
589.2771	93.89	
1083.7795	93.97	
719.3804	94.01	
1375.1964	94.02	
532.2262	94.04	
407.2583	94.09	
1136.3179	94.78	
775.3171	94.81	
315.153	94.86	
766.3708	95	
1099.4914	95.01	
765.1149	95.03	
1358.6674	95.04	
506.1383	95.24	
1060.9681	95.34	
706.2654	95.53	
1514.7754	95.63	
1335.5466	95.9	
510.2785	96	
589.1904	96	
560.2405	96.02	
1025.8402	96.02	
581.2494	96.03	
443.1974	96.07	
735.3242	96.14	
356.0012	96.18	
1588.7481	96.24	
1527.5807	96.5	
898.4653	96.56	
1146.3586	96.66	
278.1492	97	
707.2983	97.13	
846.2874	97.25	
1123.9994	97.32	
477.2461	97.44	
941.6211	97.44	
564.2355	97.77	
388.1424	97.98	
947.8788	98.09	
157.1332	98.45	
740.3244	98.61	
660.2882	98.97	
1163.023	99.01	
200.0511	99.16	
1137.0155	99.64	
2424.5091	99.74	
1525.5283	100	
278.1094	100.26	
381.1538	100.56	
1300.5931	100.62	
354.1655	100.86	
467.1742	100.96	
1412.6046	101	
850.4192	101.1	
648.3254	101.17	
285.1179	101.35	
1025.4227	101.48	
1580.7383	101.64	
1038.9471	101.95	
1597.7585	102.32	
807.3957	102.41	
667.2653	102.78	
1627.7995	103	
476.1858	103.05	
1436.3757	103.22	
713.308	103.32	
1396.6473	103.34	
584.2302	103.72	
773.8524	103.76	
709.3029	104.06	
428.2259	104.25	
339.1791	104.31	
524.1892	104.4	
509.2439	104.48	
1626.1259	104.82	
722.3277	104.88	
1881.8743	105.05	
141.103	105.28	
1078.5558	105.6	
770.2867	105.63	
336.7052	106.26	
256.0779	106.32	
1124.5219	106.41	
1511.6198	106.53	
1154.4979	106.56	
153.0637	106.78	
1136.4977	106.88	
1351.5716	107.23	
343.0953	107.52	
705.2789	107.52	
391.1872	107.91	
958.4972	108.11	
426.2091	108.15	
618.2967	108.27	
562.2472	108.46	
322.0817	109.02	
294.1233	109.12	
440.1433	109.22	
546.2597	109.33	
663.2669	109.39	
1032.4923	109.85	
1428.6169	109.89	
112.0401	109.92	
438.1649	110.2	
1087.9545	110.2	
371.1797	110.28	
638.3055	110.3	
395.1429	110.33	
762.3891	110.42	
518.2057	110.77	
541.3291	111.31	
154.0683	111.33	
370.1257	111.34	
1381.571	111.63	
567.279	111.69	
307.1487	112.31	
662.2749	112.33	
292.1082	112.67	
383.1402	112.92	
1677.1355	113.11	
1447.708	113.31	
1046.9788	113.44	
1106.5796	113.47	
1628.7519	113.69	
280.106	114.03	
420.2295	114.6	
644.2157	114.8	
436.1532	115	
195.073	115.14	
1852.7503	115.29	
1051.9714	115.39	
1274.5295	115.42	
1107.546	115.49	
570.2488	115.72	
1001.9106	115.88	
1230.5728	115.94	
1151.009	116.08	
425.1789	116.12	
149.0687	116.18	
369.1912	116.25	
298.1577	116.35	
1057.9909	116.72	
662.3021	117.02	
1106.5445	117.06	
264.0747	117.4	
350.1227	117.52	
596.2207	118.04	
1128.458	118.08	
622.249	118.19	
1181.5373	119	
437.2105	119.02	
979.9508	119.41	
427.1388	119.44	
964.459	120.01	
724.3206	120.04	
801.3625	120.29	
1474.6919	120.36	
1628.056	121.18	
967.9074	121.52	
1043.4588	122.13	
1259.0558	122.21	
400.1963	122.56	
1171.5426	122.78	
1000.3838	122.88	
2022.9352	123.4	
260.1019	123.47	
513.2402	123.92	
519.2384	123.96	
803.3594	124.05	
592.2792	124.17	
1079.9903	124.55	
333.1674	124.67	
1707.6043	124.78	
978.5033	125	
423.1112	125.17	
2087.9882	125.32	
254.0991	125.35	
773.3961	125.78	
497.1915	125.91	
1177.0466	126	
237.167	126.01	
441.2455	126.02	
364.1745	126.87	
1462.6433	127.14	
981.4372	127.24	
296.1344	128.03	
154.0284	128.17	
1710.2699	128.25	
681.1842	128.42	
480.2117	129.02	
185.1084	129.33	
865.4005	129.52	
716.3186	129.79	
1276.6115	129.87	
978.9375	130.18	
524.1684	130.3	
267.1126	130.94	
441.1581	131.3	
1452.6465	131.33	
1277.6277	131.69	
1679.7969	132.29	
1129.9906	132.64	
575.198	133.21	
1145.513	133.51	
628.2841	133.62	
312.1319	133.63	
368.1763	134	
851.8486	134.08	
1352.5852	134.13	
1415.6528	135.34	
177.0625	135.65	
1164.0168	136.04	
476.2112	136.07	
1037.9728	136.64	
363.1138	136.93	
1114.504	137.33	
452.221	137.84	
131.0664	138.09	
1124.4894	138.46	
594.2126	139.02	
270.1882	139.19	
482.206	139.26	
735.2928	139.53	
675.2739	139.67	
850.3805	139.88	
1195.6274	140.11	
268.1449	140.41	
452.1738	140.41	
707.236	140.72	
1154.8395	141.6	
327.1463	142.02	
1019.9539	142.02	
1177.6218	143.09	
1510.6819	143.21	
845.3249	143.35	
1188.259	143.72	
2118.9411	145.48	
517.215	145.71	
1083.483	147	
492.2161	147.12	
385.1269	148	
1979.9009	148.06	
962.9447	148.74	
766.4187	149.09	
255.1127	149.13	
510.2338	150.24	
181.1291	150.85	
464.1991	151	
689.2803	151.22	
263.1481	151.25	
1498.7035	151.33	
349.1321	151.41	
632.282	151.64	
898.3657	151.68	
711.3894	152.8	
820.3943	153.02	
544.1633	153.89	
423.1758	154.16	
452.1313	154.32	
249.1411	154.67	
852.3321	156.01	
551.7432	157	
991.2559	157.26	
580.256	157.44	
1596.7869	157.49	
786.2916	158.01	
1187.0065	158.56	
1288.5752	158.75	
616.2543	158.86	
507.2806	159.7	
489.223	160.2	
392.1716	160.32	
868.3787	160.45	
849.3723	160.85	
194.0985	160.95	
628.1618	161.21	
442.2144	161.22	
794.4316	161.82	
413.1677	162.09	
1164.5424	162.62	
612.2385	163.04	
288.1504	163.73	
280.157	164.32	
555.2572	164.4	
312.0999	164.98	
625.2789	165.18	
248.1377	165.21	
577.2543	165.63	
596.2642	165.67	
748.3115	166	
1121.9958	167.44	
789.3356	167.46	
862.4033	167.68	
1625.6575	168.26	
240.0805	168.39	
640.2853	169.4	
1288.6418	170.06	
722.3578	170.2	
1122.5036	170.71	
602.2867	171.66	
385.2002	171.79	
826.4081	173.17	
284.1996	173.22	
1637.6934	173.38	
1216.2837	174.33	
1125.0423	174.34	
1351.6279	174.34	
542.2241	175.41	
1083.556	176.58	
934.4458	177.37	
410.1793	177.4	
863.3205	177.94	
187.0868	178.78	
484.255	180.06	
1324.5808	180.12	
703.2664	180.24	
250.1168	180.86	
1093.4576	181.73	
423.1475	182.38	
178.0981	183.79	
951.7199	183.96	
282.1124	185.72	
359.1508	187.29	
239.0816	188.17	
1291.9743	189.26	
550.2436	189.28	
595.2698	189.44	
359.0481	189.64	
381.1224	189.98	
290.1123	190.12	
416.1761	190.12	
232.1133	193.39	
521.2157	194	
1608.7457	194.07	
107.0594	194.42	
1139.0334	195.56	
264.097	195.73	
551.2055	195.73	
869.3656	196.6	
1093.4874	197.01	
1087.5003	199.05	
380.1375	199.41	
287.1183	200	
155.0801	200.69	
679.2963	201.8	
236.1017	202.08	
1411.6664	202.85	
170.0591	203.37	
691.3076	203.52	
996.4307	204.19	
422.1825	204.31	
750.3024	204.37	
463.177	204.59	
1195.5567	204.59	
578.1971	205.2	
339.199	206.17	
460.1666	206.67	
718.3064	208.25	
694.2869	209.64	
153.1029	210.03	
436.2037	211.14	
590.2524	211.18	
1201.5051	211.31	
564.2698	212.14	
1158.0335	213.22	
113.0693	213.33	
686.226	213.37	
619.2839	213.46	
157.0968	213.76	
185.0365	213.9	
635.2647	214.29	
598.2939	214.45	
694.333	215.93	
1402.0076	216.53	
125.0697	217.22	
892.4751	218.31	
1353.5694	220.33	
324.1354	221.03	
353.1587	223.04	
350.1645	223.32	
775.8481	224	
407.1681	224.79	
1059.2463	224.89	
1689.7765	225.01	
875.4455	225.35	
845.3735	225.64	
372.172	225.66	
1579.7221	225.85	
254.1502	226.06	
379.175	226.12	
1978.9014	227.03	
892.4079	227.33	
223.1156	228.29	
194.0254	228.59	
410.2362	228.79	
183.1064	228.87	
295.1359	229.71	
1490.6582	233.41	
1414.6472	236.33	
426.1438	238.01	
789.899	238.92	
456.223	239.25	
203.0806	239.57	
1130.512	242.72	
507.1998	244.08	
339.1115	244.36	
1507.6793	244.86	
649.3073	246.47	
227.0823	246.78	
499.2314	247.06	
430.1911	248.5	
846.3833	250	
647.307	250.96	
886.3931	251.45	
270.0889	253.07	
592.2289	254.84	
1779.833	254.92	
357.1544	256.56	
365.0968	256.78	
1441.0265	256.97	
606.2444	257.55	
817.3332	258.46	
470.1825	258.5	
479.2072	259.72	
723.3232	260.93	
181.096	261.22	
735.3699	261.41	
310.1181	262	
896.3848	262.68	
370.1573	262.69	
356.1478	263.92	
819.3936	267.55	
298.1236	268.09	
1177.52	270.65	
538.2587	272.64	
468.1687	273.09	
411.2045	273.11	
1080.1663	273.23	
609.2752	275.47	
1051.4758	275.47	
1163.5312	276.25	
1104.5395	279.93	
199.0934	281.38	
1606.7482	281.98	
1045.985	284.44	
366.1893	285.67	
185.0726	291.04	
378.1785	291.19	
226.1342	294.52	
1172.0423	296.93	
624.2607	299.27	
721.3419	300.22	
466.1771	301.71	
547.2049	303.18	
450.1786	304.16	
793.3551	304.6	
183.0929	305.11	
1092.9865	306.88	
1102.0057	312.75	
210.1207	313.64	
612.317	315.26	
132.0781	316.09	
211.102	321.85	
566.2245	323.67	
846.3502	328	
790.3704	332.51	
458.1884	335.15	
750.332	338.95	
1060.4997	339.46	
227.098	340.97	
209.1216	347.05	
468.2234	349.6	
385.1727	350.66	
579.2455	352.89	
284.1047	364.02	
271.1227	366.61	
199.0527	368.81	
1691.7802	369.79	
396.1665	370.07	
734.2925	375.49	
481.1897	377.99	
324.1029	384.27	
766.3246	385.99	
1116.49	386.86	
256.11	386.95	
197.1066	394.08	
302.15	395.15	
537.2306	396.84	
553.2248	398.72	
282.0894	400.71	
1082.9991	402.76	
1019.4727	405.67	
342.129	410.45	
411.1483	414.79	
515.2068	418.22	
296.1051	423.5	
367.1424	426.5	
554.2529	429.92	
508.1986	433.5	
244.1102	438.88	
206.0919	446.7	
1370.6009	448.83	
1497.6952	449.43	
406.2057	450.69	
836.3914	454.22	
1626.7651	455.86	
746.3052	456.29	
1469.6767	460.19	
384.2022	473.32	
129.1013	474.27	
1709.8063	478.46	
398.1491	483.47	
552.2196	498.11	
454.2096	509.92	
167.08	520.5	
1046.4871	523.36	
440.1973	526.02	
989.9618	528.85	
173.0766	533.19	
264.1343	533.61	
1101.5125	538.02	
114.0367	546.38	
211.1228	554.89	
212.1383	558.07	
393.1611	566.61	
651.2558	585.16	
284.1371	598.88	
1527.6971	603.9	
478.181	606.02	
424.1947	618.94	
920.4098	629.15	
1059.9759	633.29	
1173.0408	635.57	
1509.675	662.88	
1186.5293	665.71	
566.2756	669.86	
737.3211	684.4	
527.2063	691.2	
593.2152	701.05	
1185.5369	703.52	
654.2903	704.12	
1186.033	712.03	
637.2901	712.16	
665.2839	716.65	
897.3624	722.69	
225.1036	736.82	
111.0541	747.57	
664.2659	751.31	
1778.8364	765.88	
915.3868	780.06	
1690.7722	803.04	
239.1203	827.13	
626.2745	835.68	
496.2032	860.7	
1607.7375	875.08	
477.1891	887.26	
256.1439	910.74	
507.2336	917.32	
444.1678	923.05	
201.069	931.04	
258.0884	939.04	
608.2641	956.13	
387.1506	1007.19	
677.3068	1018.18	
412.1652	1036.11	
818.3636	1042.86	
321.1561	1094.5	
384.1701	1126.3	
583.2514	1142.63	
313.1318	1147.91	
541.2233	1151.5	
242.129	1166.28	
594.2706	1174.54	
1468.6736	1193.84	
115.086	1210.85	
1172.5491	1212.36	
792.3483	1248.83	
1508.6739	1262.67	
130.0643	1267.17	
636.2581	1317.92	
682.2841	1370.57	
611.2499	1387.63	
367.1767	1466.72	
693.2822	1474.22	
1369.6018	1502.6	
719.2981	1565.09	
1180.5438	1570.83	
1181.042	1784.14	
272.1058	1834.69	
720.3275	1881.32	
467.2079	1946.23	
341.1263	1964.3	
864.3909	1986.74	
835.3881	2115.89	
1195.0402	2430.49	
355.1431	2635.36	
565.2234	2736.31	
159.0904	2747.05	
238.1174	2783.44	
747.2926	2851.31	
914.3837	3082.02	
224.1028	3114.8	
578.2391	3121.67	
653.2873	3164.09	
1194.5397	3231.92	
270.1238	3416.94	
736.3228	4409.07	
1708.8032	4527.02	
765.3219	4778.58	
1625.7665	5474.85	
863.3856	6166.78	
495.2019	6843.82	
1526.699	7404.55	
582.2495	7482.4	
610.2443	8182.19	
681.282	8598.14	
1707.8026	10489.71	
1624.7632	12814.06	
1525.6971	21944.9	
764.3178	22116.14	

