#MS Peaks One: + Product Ion (rt: 4.249 min) (1194.5400 -> **) (2021-02-22_EG_1228_9_msms.d)
#
Center X	Height
197.2037	1.12	
914.7041	1.12	
1113.5845	1.12	
1205.7925	1.12	
1446.7726	1.12	
282.2684	2	
339.3082	2	
343.2248	2	
466.425	2	
692.253	2	
847.5729	2	
905.5086	2	
925.0135	2	
1017.5795	2	
1079.1411	2	
1382.0084	2	
1680.2712	2	
1708.3545	2	
263.2371	2.04	
337.2689	2.04	
411.3965	2.04	
886.5116	2.04	
1046.1267	2.04	
1060.6447	2.04	
1286.7635	2.04	
621.7132	2.25	
744.5475	2.25	
1347.6549	2.25	
1655.9051	2.25	
130.1512	3	
201.6649	3	
205.1746	3	
231.1231	3	
316.1878	3	
386.2727	3	
565.4014	3	
610.7123	3	
668.78	3	
795.311	3	
804.7492	3	
1048.1625	3	
1124.0708	3	
1145.8025	3	
1177.8118	3	
1470.8533	3	
1529.2595	3	
1544.7523	3	
250.4101	3.02	
496.5311	3.02	
612.4153	3.02	
1255.6846	3.02	
238.7411	3.04	
349.3494	3.04	
417.2119	3.04	
708.9034	3.04	
875.6066	3.04	
1468.8674	3.04	
213.2025	3.12	
385.2522	3.12	
1105.2022	3.12	
1395.8167	3.12	
1552.3702	3.12	
1865.7048	3.12	
543.3933	3.25	
847.1229	3.25	
188.132	3.38	
498.2514	3.38	
1102.149	3.38	
197.7409	4	
212.2282	4	
290.7634	4	
338.2489	4	
380.2849	4	
391.3029	4	
439.5169	4	
477.5321	4	
596.4107	4	
679.7906	4	
996.6011	4	
1098.5116	4	
1218.195	4	
2151.8224	4	
183.1715	4.02	
258.2255	4.02	
413.2739	4.02	
555.4217	4.02	
614.0568	4.02	
1292.38	4.02	
1521.1182	4.02	
207.1561	4.03	
257.1877	4.03	
470.2837	4.03	
1041.5228	4.03	
499.8586	4.08	
866.6413	4.08	
903.3658	4.08	
1055.8055	4.08	
1469.3341	4.08	
1692.2457	4.08	
260.1816	4.12	
602.3554	4.12	
237.2404	4.22	
317.3626	4.22	
525.6083	4.22	
655.2952	4.22	
919.7894	4.22	
1192.444	4.22	
448.2123	4.25	
114.0878	4.38	
499.326	4.38	
851.4673	4.38	
507.3658	4.5	
247.1815	5	
252.1845	5	
333.2406	5	
395.3077	5	
589.2094	5	
720.4473	5	
721.461	5	
1185.5659	5	
1172.724	5.01	
1211.4474	5.01	
1509.993	5.01	
500.325	5.02	
414.3273	5.03	
457.2901	5.03	
457.3421	5.03	
1230.7094	5.03	
273.2622	5.04	
1172.6784	5.04	
792.4621	5.08	
172.1638	5.12	
272.2749	5.12	
416.3165	5.12	
589.3359	5.16	
1019.687	5.16	
1194.7024	5.16	
1308.6409	5.16	
1428.0785	5.16	
470.8329	5.22	
568.5456	5.22	
1268.3971	5.25	
288.2156	5.33	
288.3657	5.33	
294.695	5.33	
562.4109	5.33	
952.4534	5.33	
1077.0869	5.33	
1429.7973	5.33	
1440.5922	5.33	
2209.0327	5.33	
384.6248	5.38	
922.8953	5.38	
1307.6372	5.38	
211.2249	5.62	
1392.4098	5.62	
1692.067	5.62	
132.6489	6	
206.7911	6	
234.8477	6	
251.5889	6	
401.4465	6	
444.7422	6	
477.2967	6	
582.7524	6	
585.461	6	
956.5032	6	
1186.0686	6	
1376.3935	6	
868.5659	6.01	
1791.8523	6.01	
224.5499	6.02	
278.2072	6.02	
647.8948	6.02	
879.4473	6.02	
1526.4409	6.02	
1717.7919	6.02	
577.4218	6.04	
1628.1836	6.04	
159.5673	6.05	
223.172	6.05	
276.702	6.05	
289.1864	6.05	
355.568	6.05	
959.3108	6.05	
1554.7954	6.05	
599.4146	6.06	
923.4173	6.06	
324.6803	6.08	
481.368	6.08	
1127.4413	6.08	
549.776	6.12	
667.4504	6.12	
701.3931	6.12	
762.4567	6.12	
915.5114	6.12	
250.1752	6.22	
109.035	6.25	
767.8104	6.25	
781.6585	6.25	
830.2684	6.25	
831.0798	6.25	
931.5475	6.25	
1590.9479	6.33	
1430.7351	6.38	
183.5019	6.45	
226.2083	6.45	
724.4211	6.45	
991.4753	6.45	
116.1201	6.62	
224.4017	6.75	
320.395	6.75	
390.3168	6.75	
388.2426	7	
401.2901	7	
438.541	7	
633.3452	7	
932.396	7	
1249.3234	7	
1270.5446	7	
1568.8195	7	
227.1827	7.01	
704.9763	7.01	
766.1784	7.01	
1053.8301	7.01	
1282.5778	7.01	
367.2563	7.02	
653.605	7.02	
261.1334	7.04	
409.2225	7.04	
157.1876	7.05	
794.518	7.05	
932.4647	7.05	
934.4293	7.06	
1557.7433	7.06	
1681.8102	7.06	
298.7056	7.08	
467.1389	7.08	
568.3734	7.08	
729.821	7.08	
964.475	7.08	
241.4825	7.1	
1355.6025	7.1	
192.1506	7.12	
583.9062	7.12	
849.375	7.12	
1133.9155	7.12	
181.4914	7.2	
710.6909	7.2	
1098.4309	7.2	
469.2867	7.22	
212.1986	7.25	
1324.7173	7.25	
321.2424	7.33	
527.8654	7.35	
1087.3106	7.35	
1370.1604	7.35	
1521.2787	7.35	
1529.375	7.5	
153.7607	7.56	
158.092	7.56	
366.5352	7.56	
542.5004	7.56	
972.4105	7.56	
1254.5579	7.75	
219.166	8	
419.8924	8	
784.3133	8	
808.3521	8	
1202.611	8	
1625.4893	8	
155.2631	8.01	
170.1329	8.01	
198.1419	8.01	
242.5261	8.01	
420.3056	8.01	
508.3175	8.01	
1218.6196	8.01	
1431.7934	8.02	
425.2382	8.04	
579.4467	8.04	
748.17	8.04	
766.6113	8.04	
1149.191	8.04	
1848.8683	8.04	
1919.8671	8.04	
393.9889	8.05	
696.3926	8.05	
1453.7348	8.05	
101.1233	8.06	
286.0827	8.06	
144.1284	8.08	
1586.0455	8.08	
164.1123	8.09	
199.5141	8.09	
687.0959	8.09	
588.3407	8.1	
199.1561	8.12	
365.217	8.12	
1068.6484	8.12	
1195.0596	8.12	
239.2446	8.16	
970.5066	8.17	
1545.0666	8.17	
869.5189	8.2	
1302.4867	8.22	
1629.7719	8.22	
699.3408	8.25	
1405.6882	8.25	
211.4792	8.45	
529.8024	8.45	
721.9719	8.45	
1368.6521	8.45	
2735.8905	8.45	
875.5401	8.5	
256.0479	8.56	
737.7653	8.56	
966.977	8.56	
1053.384	8.56	
544.1696	8.68	
586.9611	8.75	
389.2499	9	
887.2389	9	
262.0599	9.01	
410.3257	9.01	
727.495	9.01	
1715.129	9.02	
610.9792	9.03	
1184.5848	9.03	
2089.8957	9.03	
687.9891	9.04	
1632.5058	9.04	
371.6183	9.06	
945.6556	9.06	
301.2395	9.07	
1009.0051	9.07	
1319.838	9.07	
578.4695	9.08	
337.767	9.09	
1536.7032	9.1	
271.9057	9.12	
491.3628	9.14	
721.9278	9.14	
788.7581	9.14	
1312.5498	9.14	
1535.627	9.14	
1250.6154	9.17	
395.342	9.2	
705.8717	9.24	
990.4223	9.24	
1159.5252	9.24	
1198.2131	9.24	
542.8211	9.25	
671.4149	9.25	
1019.4199	9.25	
246.3569	9.28	
343.005	9.35	
240.3767	9.38	
384.3921	9.38	
484.2717	9.38	
335.2251	9.45	
1482.7098	9.45	
347.7153	9.56	
712.4351	9.56	
971.4672	9.56	
2975.9083	9.56	
325.4466	9.68	
394.3774	9.68	
307.1893	9.75	
604.3861	9.75	
206.3693	9.8	
528.1069	9.8	
873.38	9.8	
902.2974	9.8	
914.7389	9.8	
981.3571	9.8	
231.6442	10	
283.8765	10	
914.8513	10	
1186.7715	10	
1325.7034	10	
1394.7063	10	
1437.7047	10	
416.4028	10.01	
428.2882	10.01	
744.0213	10.01	
818.5325	10.01	
1427.6276	10.01	
1581.5101	10.01	
1343.3782	10.02	
351.9204	10.03	
659.1615	10.03	
1712.1492	10.03	
158.0778	10.04	
260.1616	10.04	
297.7029	10.04	
497.3363	10.04	
1186.4038	10.04	
1694.4198	10.05	
238.3601	10.07	
250.438	10.07	
371.6588	10.07	
467.5366	10.07	
812.3393	10.07	
478.3311	10.08	
804.4633	10.09	
138.1503	10.12	
234.0069	10.12	
632.213	10.12	
720.1644	10.12	
314.2132	10.14	
1411.638	10.14	
212.0209	10.16	
544.2565	10.17	
1377.5931	10.17	
371.7061	10.2	
479.1433	10.2	
1626.148	10.21	
1064.5288	10.25	
283.0394	10.28	
130.2107	10.32	
349.6074	10.33	
585.1807	10.33	
721.1006	10.33	
761.3453	10.35	
656.7057	10.38	
479.6358	10.45	
400.7648	10.47	
509.0226	10.47	
576.6978	10.47	
841.7074	10.56	
194.1863	10.67	
168.12	10.68	
490.0357	10.68	
870.4791	10.68	
496.6957	10.92	
1309.7977	10.92	
1321.5226	10.92	
125.526	11	
282.7883	11	
921.4124	11	
1011.5096	11	
1524.1668	11	
240.7432	11.01	
367.3229	11.01	
1137.6287	11.01	
1213.1658	11.01	
1236.5815	11.01	
1555.5904	11.01	
143.1507	11.02	
1150.2178	11.02	
1857.9655	11.02	
2768.8584	11.02	
818.4828	11.04	
110.1373	11.06	
158.5982	11.06	
983.9893	11.06	
1239.2718	11.06	
1084.5942	11.07	
1108.5102	11.08	
285.2954	11.09	
865.4447	11.1	
1689.8872	11.1	
147.114	11.12	
512.3213	11.12	
393.4302	11.17	
187.1204	11.18	
1414.9437	11.18	
1594.4601	11.18	
375.8039	11.2	
1958.9264	11.2	
413.5506	11.21	
416.5588	11.21	
1322.7565	11.21	
1654.7291	11.22	
1749.6921	11.22	
239.0475	11.24	
370.0055	11.24	
609.5668	11.25	
664.3723	11.25	
1042.2318	11.25	
2062.1301	11.25	
1510.3419	11.28	
339.7138	11.33	
779.4367	11.35	
1272.3302	11.38	
351.5033	11.41	
353.4217	11.41	
901.8205	11.41	
1499.7462	11.41	
671.6936	11.45	
834.528	11.45	
1469.8776	11.45	
695.3009	11.47	
759.086	11.47	
317.1815	11.56	
734.4845	11.56	
1531.7728	11.56	
3069.8755	11.56	
244.8595	11.57	
270.5736	11.57	
759.3733	11.57	
1155.4807	11.57	
1358.0298	11.57	
1669.9448	11.57	
1781.1897	11.62	
424.9117	11.68	
1428.221	11.78	
2199.7643	11.78	
2407.6239	11.88	
395.9195	12	
543.5999	12	
901.3508	12	
1546.7337	12	
1934.8969	12	
396.255	12.01	
482.5886	12.01	
524.7552	12.01	
617.3272	12.01	
625.5235	12.01	
640.1246	12.01	
665.7992	12.01	
330.1704	12.02	
410.9314	12.02	
550.5015	12.02	
1103.4653	12.02	
450.3377	12.03	
2177.9718	12.03	
132.1256	12.04	
562.307	12.04	
718.3935	12.04	
979.5399	12.04	
1175.6181	12.04	
222.2227	12.05	
1171.7482	12.05	
1177.3833	12.05	
1512.6549	12.05	
242.2068	12.06	
795.2137	12.08	
1425.6841	12.1	
650.1064	12.12	
1317.5599	12.12	
1335.6365	12.12	
100.3907	12.16	
739.4115	12.16	
1210.5165	12.17	
2753.5879	12.18	
1087.7225	12.2	
308.5707	12.21	
522.3138	12.21	
212.6192	12.24	
1626.3271	12.25	
1916.8867	12.25	
1371.0603	12.28	
884.4634	12.32	
1162.4633	12.32	
177.6288	12.33	
868.3267	12.33	
206.2567	12.36	
2016.8645	12.36	
1790.8211	12.38	
1312.6266	12.47	
1611.2541	12.47	
738.6275	12.5	
1653.7635	12.5	
367.4785	12.56	
459.5464	12.89	
528.8156	12.89	
1534.1729	12.89	
532.7605	12.92	
1071.9761	12.92	
446.1433	13	
610.6013	13	
1481.5632	13	
333.9516	13.01	
705.0593	13.01	
743.2437	13.01	
1246.9062	13.01	
1346.6534	13.01	
1603.76	13.01	
158.1255	13.02	
160.1383	13.02	
609.6397	13.03	
717.983	13.03	
1220.6588	13.03	
449.2614	13.04	
105.1076	13.05	
168.6627	13.05	
413.4859	13.05	
743.3957	13.07	
1081.5401	13.07	
1607.6329	13.08	
427.3895	13.1	
473.2501	13.1	
1245.6547	13.1	
1076.6915	13.12	
1496.7727	13.14	
1985.8481	13.15	
355.6032	13.16	
898.6039	13.16	
1282.9556	13.16	
1759.7637	13.16	
1497.2979	13.17	
1796.5192	13.18	
1091.4827	13.2	
221.2705	13.21	
877.3255	13.21	
1939.1028	13.24	
638.5207	13.25	
1122.5535	13.25	
308.2343	13.28	
294.6285	13.32	
676.1436	13.32	
1680.6701	13.32	
882.8896	13.33	
1317.6672	13.36	
2723.5223	13.36	
906.4514	13.38	
1339.8899	13.41	
399.3467	13.44	
2065.4549	13.44	
1346.5212	13.45	
1200.5487	13.5	
747.494	13.57	
828.2069	13.6	
2217.0948	13.67	
958.5024	13.68	
609.3866	13.75	
1210.578	13.78	
1406.7076	13.78	
1712.5248	13.78	
2216.9619	13.78	
177.4985	13.92	
383.216	13.92	
466.4776	14	
566.1708	14	
151.1077	14.01	
208.1328	14.01	
409.826	14.01	
1141.0779	14.01	
1467.3763	14.01	
454.5293	14.02	
1185.8996	14.02	
1530.9234	14.02	
877.521	14.03	
466.5827	14.04	
495.7873	14.04	
557.25	14.04	
1739.7889	14.04	
1527.8462	14.05	
384.3343	14.06	
194.3209	14.08	
351.21	14.08	
1123.4742	14.08	
1644.7107	14.16	
565.65	14.18	
768.4247	14.22	
1466.4179	14.22	
1654.6328	14.22	
1113.8654	14.24	
113.1206	14.29	
513.8519	14.29	
835.7352	14.32	
258.3706	14.36	
653.409	14.36	
458.866	14.38	
1560.3783	14.4	
439.8089	14.41	
579.8413	14.47	
923.207	14.53	
454.1386	14.56	
1427.6809	14.6	
1234.5761	14.68	
601.3445	14.69	
763.3342	14.69	
820.2045	14.69	
1528.54	14.69	
393.7139	14.75	
1737.8259	14.78	
266.4308	14.92	
784.2804	14.92	
1187.4934	15	
373.988	15.01	
573.2975	15.01	
2202.0114	15.01	
997.4351	15.02	
1014.7875	15.02	
177.0658	15.03	
379.3163	15.03	
472.2454	15.03	
151.2941	15.04	
707.8769	15.04	
721.5637	15.04	
980.4501	15.04	
255.5516	15.05	
384.8947	15.05	
627.2807	15.05	
1221.8369	15.05	
1960.8822	15.05	
1256.5711	15.09	
666.8129	15.1	
1479.771	15.1	
224.6374	15.12	
239.4422	15.12	
714.2649	15.12	
1109.4853	15.12	
1318.7681	15.12	
1342.6353	15.12	
1532.6899	15.12	
1314.3637	15.14	
331.6183	15.15	
533.3571	15.15	
865.4037	15.15	
951.0008	15.16	
1247.566	15.16	
241.1694	15.19	
1453.4433	15.19	
390.5036	15.22	
1038.4995	15.25	
560.3313	15.27	
241.5799	15.36	
361.2132	15.36	
1371.897	15.36	
290.1893	15.41	
882.6183	15.41	
752.1965	15.44	
2766.2365	15.45	
1863.9008	15.47	
366.3144	15.5	
396.3997	15.5	
1318.1722	15.53	
988.3334	15.6	
1873.3548	15.62	
591.0844	15.8	
1416.7495	15.8	
1537.7263	15.8	
1592.5465	15.8	
2119.9421	15.89	
491.1976	15.92	
259.1152	16	
896.7757	16	
923.6715	16	
1248.5882	16	
328.1401	16.01	
356.3615	16.01	
419.1805	16.01	
844.0148	16.01	
1430.689	16.01	
1538.5604	16.01	
1666.7909	16.01	
1164.1344	16.03	
1426.7347	16.03	
469.0258	16.05	
1350.8913	16.05	
658.9473	16.07	
321.974	16.08	
619.2021	16.09	
160.1735	16.1	
352.1094	16.12	
1079.6594	16.12	
1371.8456	16.12	
1517.8095	16.15	
542.296	16.16	
1350.623	16.17	
1708.2567	16.2	
182.246	16.24	
1132.4894	16.24	
1703.7374	16.29	
662.5925	16.33	
1455.5906	16.33	
1851.8585	16.33	
722.475	16.4	
1306.4123	16.4	
1595.6902	16.41	
271.6606	16.44	
1306.6585	16.45	
230.1121	16.53	
264.2924	16.53	
1020.3796	16.53	
543.1601	16.67	
403.0724	16.72	
1526.5407	16.88	
764.5698	16.89	
871.3356	16.89	
340.4872	17	
1095.461	17	
1341.9002	17	
1552.5075	17	
296.4214	17.01	
1415.2837	17.01	
210.0828	17.02	
374.1152	17.02	
543.3568	17.02	
747.4013	17.02	
823.901	17.02	
1399.8447	17.02	
847.6943	17.04	
915.6399	17.04	
258.9185	17.05	
802.5742	17.05	
467.702	17.07	
1310.4604	17.07	
111.0988	17.11	
1752.8289	17.11	
854.6504	17.12	
1710.8941	17.12	
507.6047	17.15	
1256.6547	17.16	
1224.499	17.23	
408.2775	17.24	
171.3487	17.25	
1110.4064	17.28	
645.258	17.29	
1308.8362	17.32	
1431.7163	17.32	
722.7779	17.33	
358.5168	17.4	
871.3766	17.41	
1283.5431	17.62	
1675.452	17.62	
1240.4297	17.65	
212.4354	17.67	
1136.4754	17.68	
660.2867	17.82	
1482.1822	17.82	
636.3822	17.89	
914.6579	17.92	
524.6517	18	
614.3171	18	
233.1303	18.01	
379.4524	18.01	
496.8172	18.01	
719.8561	18.01	
773.1691	18.01	
1309.5555	18.01	
436.6579	18.02	
1136.5387	18.02	
1618.7841	18.02	
616.7268	18.04	
779.3472	18.04	
125.1103	18.06	
335.4011	18.08	
1543.7416	18.08	
765.6596	18.11	
795.4343	18.12	
965.4641	18.12	
194.2525	18.14	
433.186	18.14	
752.0729	18.15	
718.0854	18.16	
1362.7336	18.2	
897.7268	18.23	
1178.6384	18.23	
1142.0182	18.28	
545.1569	18.29	
504.0246	18.31	
478.3067	18.33	
355.8892	18.38	
1675.747	18.38	
1962.7792	18.38	
130.9438	18.41	
1181.5053	18.41	
987.7444	18.44	
197.1827	18.48	
222.6376	18.48	
258.8403	18.48	
436.772	18.48	
1556.2935	18.48	
1770.7917	18.48	
891.6166	18.53	
991.5536	18.53	
1473.6886	18.53	
351.6517	18.57	
1441.318	18.6	
1780.7911	18.6	
1884.2547	18.65	
1246.7416	18.68	
1454.6945	18.69	
478.6271	18.72	
1086.0945	18.75	
1391.9706	18.75	
832.3819	18.82	
144.1144	18.89	
1166.5336	18.89	
267.4838	18.92	
1830.8156	18.92	
908.4708	19	
1679.6301	19	
582.6219	19.01	
1331.5948	19.01	
1260.2703	19.02	
1352.5026	19.02	
1661.291	19.02	
1114.9187	19.03	
211.1926	19.04	
496.2828	19.04	
685.2292	19.04	
1350.6997	19.04	
463.4798	19.06	
328.6313	19.09	
460.1628	19.09	
1346.7045	19.09	
160.9271	19.11	
961.3658	19.11	
710.3648	19.12	
1522.7695	19.12	
1203.2955	19.14	
642.2368	19.15	
722.9741	19.19	
1035.5304	19.21	
1363.7847	19.21	
804.351	19.23	
1115.2172	19.23	
468.3197	19.24	
1481.2756	19.25	
618.7076	19.28	
472.1849	19.29	
719.9399	19.29	
871.2744	19.34	
385.6787	19.35	
612.5696	19.35	
2009.7875	19.35	
1371.3478	19.36	
158.0287	19.38	
392.8348	19.41	
586.4512	19.48	
1481.9901	19.53	
1500.4596	19.56	
630.7352	19.6	
682.539	19.6	
737.2234	19.6	
1025.3364	19.6	
1077.5067	19.6	
1222.6874	19.6	
1314.569	19.6	
1458.6222	19.62	
115.1666	19.65	
315.5434	19.67	
723.2829	19.72	
340.1988	19.75	
478.2642	19.8	
1733.7873	19.8	
272.586	19.9	
1261.7934	19.9	
852.5281	20	
1648.721	20	
468.6119	20.01	
1026.9593	20.01	
1213.7315	20.01	
1533.4893	20.01	
1857.876	20.01	
903.8255	20.02	
1977.8474	20.02	
527.354	20.03	
532.3462	20.03	
917.397	20.05	
940.1063	20.05	
1150.4072	20.05	
1249.6323	20.05	
159.3037	20.06	
792.0232	20.06	
857.6606	20.06	
1012.3864	20.1	
1767.6882	20.1	
125.4175	20.12	
1460.6737	20.18	
439.2765	20.24	
1830.6096	20.24	
863.1353	20.25	
459.5142	20.28	
730.3466	20.28	
666.2298	20.31	
816.4655	20.33	
224.9043	20.36	
621.1336	20.36	
238.0651	20.38	
1295.6057	20.38	
239.9083	20.4	
225.2268	20.41	
1049.7609	20.42	
911.9797	20.45	
1086.4289	20.45	
1801.8413	20.45	
1394.5961	20.48	
1627.8559	20.5	
578.828	20.52	
257.1593	20.62	
681.9219	20.64	
1367.5868	20.69	
521.171	20.75	
300.9425	20.78	
356.0212	20.78	
668.3142	20.9	
1378.6627	20.92	
676.6724	21	
869.1843	21	
1031.0503	21	
1285.0809	21	
3132.2233	21	
424.4629	21.01	
1222.6514	21.01	
1498.7905	21.01	
1625.6008	21.01	
486.2483	21.02	
829.3771	21.02	
627.1849	21.03	
1294.6784	21.04	
838.4302	21.05	
1193.5856	21.06	
922.5416	21.07	
1279.604	21.07	
736.6544	21.1	
585.2444	21.11	
984.4072	21.11	
1054.1126	21.11	
349.4087	21.12	
707.7299	21.12	
740.5933	21.12	
753.6273	21.12	
831.2508	21.12	
1031.3294	21.12	
1456.3478	21.12	
1519.7062	21.12	
1763.8484	21.12	
127.1193	21.14	
197.3257	21.14	
649.5141	21.14	
2185.017	21.14	
113.1043	21.15	
362.1986	21.16	
1859.8091	21.17	
705.3916	21.18	
417.5384	21.2	
1349.6529	21.22	
1396.7514	21.23	
1342.4478	21.24	
2361.8033	21.24	
3159.984	21.24	
681.4862	21.31	
764.8032	21.31	
1307.4801	21.31	
611.0413	21.33	
1238.1974	21.33	
814.3186	21.35	
1292.5296	21.36	
562.4549	21.4	
1590.7151	21.42	
1318.5786	21.45	
1100.4602	21.48	
686.4311	21.6	
1920.8798	21.6	
382.4777	21.66	
744.3224	21.78	
1143.576	21.78	
1118.9739	21.82	
504.27	21.9	
1716.0527	21.9	
468.7378	21.94	
736.7204	22	
1146.4937	22	
1156.5572	22	
139.4021	22.01	
582.8988	22.01	
1171.5341	22.01	
173.1335	22.02	
1366.5746	22.02	
1464.9808	22.04	
1541.0117	22.04	
1675.6441	22.04	
1968.8791	22.04	
2723.8501	22.04	
495.9189	22.05	
1272.541	22.08	
595.9015	22.09	
1319.6842	22.11	
777.2819	22.12	
1266.0885	22.12	
234.0866	22.14	
240.5814	22.14	
374.2237	22.14	
239.7142	22.15	
264.7699	22.15	
449.4118	22.15	
1146.0245	22.15	
1896.4166	22.15	
288.5865	22.19	
463.7791	22.22	
1431.6232	22.22	
1227.6037	22.23	
870.268	22.25	
1358.6075	22.33	
159.2684	22.36	
404.7873	22.36	
1000.2875	22.36	
1368.1662	22.42	
988.3907	22.44	
887.0498	22.46	
1724.3669	22.46	
871.893	22.5	
467.026	22.52	
1289.0965	22.52	
368.2694	22.56	
843.3587	22.6	
1515.671	22.64	
104.0451	22.68	
435.1416	22.68	
735.0799	22.68	
988.512	22.68	
1529.0421	22.68	
721.0619	22.69	
1514.6065	22.72	
723.2505	22.92	
766.423	22.92	
1174.1	22.92	
915.9138	22.97	
504.2197	23	
765.0147	23	
130.0403	23.01	
403.2102	23.02	
590.0364	23.02	
1233.6988	23.02	
1338.681	23.02	
493.8157	23.03	
1692.1599	23.03	
507.542	23.04	
1599.641	23.04	
247.1439	23.05	
1006.3572	23.05	
819.8655	23.06	
442.7942	23.07	
646.4097	23.08	
758.3203	23.08	
822.1661	23.09	
916.1238	23.09	
342.0935	23.1	
1420.7274	23.14	
583.4192	23.16	
1110.3618	23.16	
819.1311	23.22	
868.5249	23.23	
690.3431	23.25	
765.4291	23.32	
1593.6847	23.34	
1780.0283	23.35	
1587.7888	23.41	
454.4849	23.43	
1404.6566	23.47	
653.5509	23.48	
195.5623	23.49	
272.8809	23.5	
146.3812	23.52	
1390.5363	23.53	
1216.9314	23.56	
1762.1131	23.56	
226.0996	23.64	
405.6502	23.68	
1105.4574	23.77	
960.563	23.78	
755.9979	23.8	
1203.5518	23.8	
582.8257	23.89	
1169.4261	23.89	
1453.6688	23.91	
763.7273	24.01	
799.3945	24.01	
595.2353	24.04	
209.3379	24.05	
238.607	24.07	
857.4374	24.07	
305.1358	24.08	
1490.03	24.09	
1061.4372	24.11	
220.1391	24.12	
565.3142	24.12	
723.3293	24.15	
646.7102	24.16	
1560.8588	24.21	
1508.5649	24.22	
153.2171	24.24	
206.5165	24.27	
395.84	24.31	
466.079	24.32	
264.8399	24.33	
475.9297	24.36	
1228.6428	24.4	
585.3528	24.45	
883.6384	24.45	
350.4205	24.47	
284.3743	24.48	
1145.5528	24.5	
983.4296	24.53	
678.1399	24.57	
1021.4403	24.57	
387.7497	24.6	
466.1324	24.6	
737.4869	24.6	
1232.5888	24.69	
439.3191	24.72	
1115.4642	24.72	
1148.5134	24.75	
603.2547	24.85	
1426.8286	24.92	
2183.9982	24.92	
1439.6495	25	
1527.1535	25	
1731.6627	25	
353.2912	25.01	
604.1769	25.01	
709.3883	25.01	
772.5121	25.01	
896.2761	25.01	
1381.1949	25.01	
410.5598	25.02	
441.2267	25.02	
1449.6428	25.02	
747.4381	25.03	
1552.2737	25.04	
751.3673	25.06	
1664.792	25.06	
1712.2642	25.06	
1387.5189	25.07	
258.1808	25.08	
983.9575	25.12	
529.2711	25.14	
736.5223	25.14	
1371.975	25.17	
426.605	25.2	
1854.6231	25.2	
456.2941	25.22	
766.7564	25.22	
456.4877	25.24	
264.3718	25.29	
1451.4166	25.33	
587.4393	25.35	
1543.3047	25.39	
641.2965	25.44	
1108.8226	25.47	
215.0815	25.52	
471.705	25.52	
1045.499	25.56	
476.7403	25.57	
691.3937	25.57	
341.7177	25.68	
1230.5512	25.68	
469.4174	25.8	
642.2897	25.8	
1476.5714	25.88	
1364.5249	25.92	
1496.9613	25.94	
587.2452	26	
1317.7302	26	
661.4393	26.01	
713.2598	26.01	
464.101	26.03	
971.4275	26.03	
433.2097	26.04	
1623.2905	26.09	
309.1032	26.12	
341.3022	26.12	
426.866	26.14	
263.1131	26.17	
283.1788	26.22	
452.8003	26.25	
407.5219	26.27	
894.5436	26.38	
699.8656	26.44	
733.0924	26.48	
879.7288	26.56	
996.4375	26.66	
637.4684	26.67	
1435.7209	26.67	
495.9582	26.78	
554.0195	26.8	
349.8698	26.82	
646.3479	27	
681.5498	27	
944.3416	27.01	
1448.6505	27.01	
271.2082	27.02	
581.8504	27.02	
791.4743	27.02	
919.3138	27.02	
363.0615	27.04	
860.248	27.04	
1157.8104	27.04	
2042.9403	27.05	
1299.6497	27.06	
1415.6377	27.08	
1779.1926	27.08	
719.56	27.11	
1109.4132	27.12	
1645.7471	27.12	
256.3634	27.14	
709.3665	27.15	
1468.5572	27.15	
715.2528	27.16	
1627.7642	27.16	
1174.4868	27.19	
3177.0636	27.19	
183.7662	27.22	
538.6518	27.28	
562.2584	27.29	
595.0009	27.36	
332.1633	27.37	
1087.4027	27.37	
1520.885	27.37	
1134.4598	27.45	
1471.6456	27.45	
344.1043	27.5	
544.719	27.52	
1205.4546	27.52	
990.4968	27.53	
670.2577	27.57	
923.35	27.65	
898.0148	27.68	
1601.7269	27.68	
294.7396	27.72	
845.4825	27.72	
1061.3749	27.75	
132.5029	27.77	
1104.4063	27.77	
474.208	27.78	
1390.031	27.84	
322.8603	27.98	
1289.5579	27.98	
463.2927	28.01	
1229.5544	28.02	
1384.6466	28.04	
1511.1548	28.05	
922.5004	28.12	
1245.164	28.12	
737.4659	28.15	
371.2903	28.17	
1124.0008	28.2	
1412.6438	28.21	
1385.396	28.35	
2823.4054	28.36	
1071.9373	28.37	
272.4118	28.45	
463.0833	28.45	
1089.5557	28.45	
1236.5361	28.45	
1259.5194	28.46	
1637.8017	28.46	
594.8076	28.47	
1109.6455	28.47	
1032.5024	28.48	
233.0561	28.49	
1093.2539	28.52	
652.8794	28.57	
1483.7158	28.57	
301.2938	28.58	
401.0819	28.65	
901.3136	28.65	
985.8896	28.67	
350.1817	29	
899.4318	29	
1415.9637	29	
574.2456	29.02	
1762.8109	29.02	
1463.9434	29.03	
227.2509	29.07	
467.5148	29.07	
916.2742	29.07	
837.453	29.08	
1376.6386	29.08	
835.9864	29.12	
1011.5597	29.13	
128.5424	29.16	
154.4846	29.17	
510.6396	29.17	
949.5183	29.2	
1711.359	29.24	
1166.5755	29.27	
1319.5992	29.28	
612.6814	29.32	
1022.3679	29.48	
665.3712	29.5	
1434.7153	29.52	
739.3185	29.62	
866.3462	29.62	
941.2766	29.62	
1520.8306	29.65	
202.1498	29.73	
2124.165	29.76	
1173.533	29.77	
729.3025	29.84	
888.4167	29.88	
761.3873	29.92	
855.4126	30	
1081.403	30	
1610.7672	30	
152.0491	30.01	
985.944	30.07	
551.2041	30.12	
1562.7704	30.14	
958.4068	30.15	
1828.8407	30.16	
1441.595	30.19	
802.2933	30.21	
471.2844	30.25	
377.0931	30.27	
921.3385	30.27	
356.7741	30.29	
469.3198	30.32	
1388.7007	30.34	
809.4395	30.37	
1013.3894	30.45	
769.3285	30.47	
799.7786	30.48	
353.4809	30.49	
338.1154	30.53	
1121.4129	30.53	
165.2899	30.54	
515.3002	30.6	
1528.6366	30.68	
1058.5659	30.79	
864.0073	30.82	
1066.4594	30.84	
1436.5719	30.89	
1982.2912	30.89	
1571.7669	30.96	
1349.7163	31	
1708.0179	31	
2168.3799	31	
1470.733	31.01	
1625.9245	31.01	
221.1115	31.05	
918.387	31.05	
241.062	31.07	
614.3698	31.11	
1592.2964	31.12	
2119.3169	31.12	
1343.1738	31.13	
238.1827	31.14	
1876.8453	31.14	
1081.4373	31.17	
1039.5271	31.2	
1004.3851	31.22	
816.3066	31.24	
1036.4806	31.24	
1221.1277	31.24	
298.4591	31.25	
738.2548	31.27	
726.2581	31.41	
113.5657	31.45	
1034.4235	31.51	
1289.0586	31.54	
1708.9729	31.56	
161.1692	31.57	
927.4187	31.57	
985.4335	31.57	
416.3696	31.64	
1428.6431	31.64	
855.0941	31.68	
726.38	31.72	
1370.8553	31.85	
1539.6641	31.89	
499.9073	31.9	
183.451	31.94	
115.1353	32	
161.4826	32	
865.2401	32	
1643.7853	32	
2096.9271	32	
1732.7725	32.01	
1145.6823	32.02	
1168.5381	32.02	
1159.0407	32.03	
645.2988	32.04	
1656.7754	32.04	
1082.4091	32.05	
1731.7785	32.05	
1625.3394	32.07	
892.3577	32.08	
1007.4294	32.09	
1621.7627	32.1	
798.2746	32.11	
814.4209	32.11	
957.3818	32.11	
764.8785	32.14	
381.7964	32.2	
625.1238	32.2	
1345.85	32.21	
831.3161	32.23	
1028.9667	32.23	
1396.8841	32.23	
1432.5818	32.24	
183.2973	32.28	
1010.3725	32.32	
1709.4325	32.39	
477.403	32.41	
942.3086	32.65	
1627.2834	32.67	
1709.2885	32.69	
681.4511	32.79	
1498.6284	32.8	
1978.9953	32.82	
154.0313	32.84	
1253.5032	32.94	
267.0755	33	
582.9764	33.01	
2118.9501	33.01	
718.7841	33.02	
1618.5882	33.02	
427.2242	33.03	
1260.5464	33.04	
520.2594	33.06	
947.9232	33.06	
1537.0984	33.06	
1161.598	33.07	
355.6532	33.12	
1193.8137	33.14	
1248.625	33.16	
1626.0194	33.16	
426.1401	33.19	
270.7506	33.2	
530.2374	33.23	
800.1218	33.24	
2090.9685	33.24	
1446.614	33.26	
1420.6107	33.28	
778.2617	33.31	
826.3835	33.34	
750.6295	33.38	
1711.7897	33.39	
1281.3879	33.4	
1104.5297	33.5	
666.7655	33.6	
1729.8539	33.67	
667.3669	33.69	
316.153	33.75	
1210.4556	33.77	
565.4854	33.8	
257.0518	33.89	
1423.8748	33.89	
977.4623	33.92	
2724.3756	33.93	
881.056	34	
741.3218	34.01	
1779.7058	34.01	
539.9354	34.04	
1178.5317	34.04	
893.3748	34.05	
1161.6336	34.05	
378.8697	34.12	
1088.4321	34.12	
1140.4677	34.17	
1211.5005	34.19	
611.99	34.2	
2101.8932	34.2	
914.9268	34.22	
919.4319	34.22	
1421.6457	34.22	
879.6844	34.23	
840.3333	34.24	
1169.465	34.24	
1628.7558	34.24	
828.4364	34.25	
1243.6417	34.29	
1142.57	34.34	
732.271	34.38	
1672.7585	34.38	
973.374	34.39	
387.216	34.4	
146.0894	34.5	
415.1346	34.54	
1541.6563	34.57	
794.8405	34.6	
1291.5189	34.71	
426.5259	34.78	
855.3476	34.84	
1079.2097	34.84	
1080.4202	35	
1192.5434	35	
1368.5905	35	
1778.9874	35	
2022.9285	35	
1079.564	35.01	
1117.9265	35.01	
1927.7943	35.03	
1043.4417	35.05	
298.3389	35.08	
1539.0612	35.2	
1961.8913	35.2	
476.1857	35.24	
1004.5167	35.24	
872.4197	35.25	
921.9291	35.25	
1711.4304	35.29	
1005.227	35.31	
976.0785	35.33	
167.3204	35.37	
1528.9197	35.37	
790.3976	35.4	
1208.5369	35.41	
1789.7932	35.43	
1226.4829	35.44	
880.3719	35.57	
1001.4573	35.64	
230.5179	35.67	
678.3166	35.67	
1079.4503	35.82	
1213.1083	35.89	
356.2274	35.9	
976.9909	35.91	
245.093	36	
1671.6486	36	
1091.4168	36.01	
583.0079	36.02	
1919.5776	36.02	
821.435	36.08	
581.071	36.11	
752.3536	36.14	
430.4845	36.2	
296.4748	36.25	
578.4014	36.27	
597.2946	36.32	
893.5039	36.34	
663.4069	36.35	
1538.7278	36.4	
265.2881	36.41	
610.3615	36.42	
652.3515	36.48	
949.4546	36.53	
1037.4471	36.56	
1701.6826	36.57	
656.2329	36.65	
1407.661	36.7	
235.09	36.76	
1690.3329	36.78	
434.0933	36.8	
1566.7002	36.88	
1313.6592	36.92	
607.615	37	
685.3387	37	
911.3964	37.01	
444.2589	37.02	
1472.6841	37.02	
1695.6647	37.04	
820.3021	37.09	
1094.5524	37.11	
1067.4813	37.12	
1223.6843	37.12	
1580.7534	37.24	
500.7475	37.25	
1354.5831	37.25	
368.1694	37.34	
546.2384	37.34	
731.3162	37.42	
621.9906	37.43	
526.1665	37.5	
757.3272	37.56	
921.4488	37.64	
645.2001	37.66	
933.4021	37.75	
2061.9578	37.75	
673.2822	37.76	
198.1135	37.78	
1093.4441	37.84	
2016.9266	37.84	
687.2509	37.88	
212.4022	37.91	
392.1411	37.91	
445.2476	37.93	
338.406	38	
482.2375	38.01	
1498.4003	38.01	
1645.6875	38.01	
482.2756	38.07	
1304.6409	38.07	
822.3456	38.17	
510.1915	38.21	
915.8503	38.27	
1132.5587	38.29	
595.6671	38.37	
276.0953	38.43	
707.5256	38.49	
435.2095	38.53	
274.862	38.56	
1128.6346	38.58	
948.4879	38.73	
844.3178	38.75	
1328.6292	38.84	
1485.7669	39	
909.4349	39.01	
1057.4098	39.02	
891.3301	39.05	
721.1719	39.07	
736.1797	39.11	
1503.6654	39.12	
1671.7765	39.12	
1116.001	39.14	
398.25	39.17	
614.7996	39.17	
1693.0324	39.21	
102.054	39.22	
1002.5208	39.23	
512.1998	39.25	
517.1787	39.33	
1066.5248	39.36	
208.0974	39.37	
1795.5029	39.46	
1021.2527	39.47	
1905.8223	39.53	
2034.8897	39.53	
1479.6022	39.57	
700.2455	39.62	
1188.6375	39.64	
1517.6464	39.64	
1527.0817	39.72	
808.2901	39.8	
975.4927	39.89	
1023.947	39.94	
313.5913	40	
992.5838	40	
1299.5495	40	
1326.5894	40	
1343.5941	40.01	
1527.5066	40.01	
787.7238	40.02	
709.2733	40.03	
243.453	40.04	
915.1779	40.05	
1710.1938	40.07	
847.471	40.08	
159.5204	40.11	
578.3593	40.12	
722.3669	40.16	
997.4022	40.17	
1026.3795	40.18	
1331.6515	40.19	
1338.6317	40.22	
1144.5324	40.31	
493.1161	40.32	
979.8767	40.32	
468.9957	40.35	
1207.473	40.39	
1195.4595	40.53	
625.5573	40.64	
474.7472	40.69	
556.306	40.76	
717.316	40.89	
1393.7276	40.93	
719.2221	41	
201.5123	41.02	
427.1668	41.03	
831.3805	41.04	
1071.4708	41.05	
1163.6124	41.06	
296.1791	41.08	
1382.6324	41.12	
1474.2666	41.12	
1419.626	41.14	
1114.4645	41.15	
659.1996	41.17	
834.3107	41.17	
914.2207	41.23	
1296.566	41.25	
2373.3818	41.26	
1526.2847	41.3	
966.4049	41.32	
693.8265	41.33	
444.0086	41.35	
1003.4925	41.35	
1110.4903	41.35	
902.4284	41.36	
806.3253	41.4	
175.1196	41.42	
1214.5282	41.44	
1630.6657	41.44	
244.07	41.58	
623.5456	41.58	
1260.6585	41.64	
579.7686	41.65	
1113.3531	41.69	
1194.5976	41.75	
554.3402	41.76	
1274.5949	41.8	
1136.0122	41.88	
828.3045	42	
819.826	42.01	
248.1024	42.04	
240.7917	42.05	
586.7483	42.05	
600.2109	42.05	
470.4571	42.06	
440.8158	42.07	
740.3907	42.08	
1343.9391	42.08	
782.4028	42.12	
204.0658	42.2	
1664.7472	42.22	
1313.5694	42.27	
599.2001	42.38	
666.0148	42.38	
311.1186	42.39	
1609.7185	42.4	
836.3079	42.43	
898.461	42.48	
1107.7388	42.56	
1466.6434	42.57	
779.2819	42.66	
1429.6729	42.67	
640.2224	42.84	
1290.5705	42.94	
1213.4927	43	
154.0657	43.01	
248.1222	43.01	
422.239	43.01	
914.5719	43.05	
1667.6212	43.05	
677.7262	43.08	
165.1072	43.09	
1160.5196	43.09	
507.5734	43.16	
509.2896	43.16	
1206.6006	43.27	
943.3663	43.33	
959.4593	43.48	
1710.8433	43.52	
1147.5643	43.58	
1286.5528	43.64	
631.2882	43.67	
1142.4604	43.67	
436.5007	43.68	
1457.542	43.76	
1627.539	43.78	
1262.6254	43.82	
764.2417	43.9	
570.7328	44	
716.3171	44	
1392.6015	44	
310.0883	44.02	
1628.251	44.02	
354.2178	44.09	
1103.54	44.1	
613.3623	44.19	
1120.5646	44.21	
1622.7534	44.27	
928.3826	44.3	
1106.4525	44.32	
524.1602	44.36	
1273.5682	44.47	
1592.1384	44.6	
169.1302	44.62	
1253.5719	44.69	
1521.7056	44.69	
1045.3963	44.86	
878.254	44.94	
273.0602	44.98	
466.275	45	
482.1842	45	
696.2367	45	
1087.515	45	
1125.144	45.01	
431.6974	45.02	
394.7688	45.08	
840.2465	45.1	
1638.7292	45.1	
682.8752	45.15	
295.0965	45.17	
746.2509	45.18	
1008.972	45.22	
1204.6221	45.28	
1127.5223	45.39	
1057.9685	45.42	
890.3863	45.49	
799.3257	45.53	
525.5224	45.64	
1263.4928	45.65	
1188.5459	45.68	
116.8857	46	
406.3366	46.01	
462.5449	46.01	
1604.7373	46.05	
167.163	46.06	
1223.6235	46.1	
1316.535	46.16	
1526.8705	46.2	
1004.4747	46.21	
569.254	46.22	
661.4037	46.28	
978.4716	46.29	
1308.5615	46.32	
1647.7647	46.36	
1351.6101	46.57	
484.2337	46.58	
414.081	46.68	
500.8538	46.69	
1863.8442	46.69	
382.1037	46.75	
270.5138	46.8	
301.1273	46.88	
1690.6844	46.88	
946.5265	46.96	
313.542	47	
980.9508	47	
1222.5722	47	
870.5748	47.01	
116.7331	47.02	
461.0436	47.02	
494.2029	47.3	
146.3688	47.34	
1029.3993	47.38	
503.2025	47.41	
966.4342	47.56	
1943.8755	47.69	
1508.874	47.84	
112.0757	47.93	
1518.5163	47.94	
917.1031	47.97	
190.0318	48	
807.3249	48	
1092.4975	48	
846.3686	48.05	
569.3018	48.06	
700.3162	48.06	
1094.5065	48.06	
1689.5005	48.07	
277.1126	48.09	
621.3056	48.1	
1594.9043	48.14	
412.2338	48.16	
566.3267	48.18	
634.334	48.2	
383.2599	48.22	
764.5275	48.22	
881.4547	48.22	
783.3208	48.31	
922.3422	48.31	
490.9777	48.44	
103.8582	48.45	
748.363	48.45	
1332.5768	48.47	
1646.7424	48.52	
1371.5965	48.68	
437.2458	48.7	
173.3921	48.75	
649.3501	48.8	
509.9266	48.84	
1290.6492	48.84	
872.2635	48.88	
848.4646	48.94	
598.3023	49.01	
1749.4004	49.01	
917.9447	49.08	
1082.5004	49.1	
860.88	49.12	
1131.456	49.14	
1551.7677	49.17	
715.862	49.25	
1320.583	49.27	
467.9505	49.32	
1023.4313	49.32	
3174.8907	49.34	
1239.5291	49.35	
240.506	49.4	
662.3239	49.4	
959.4085	49.41	
1751.8447	49.41	
1730.7794	49.47	
1566.755	49.52	
209.067	49.6	
530.7596	49.68	
1128.588	49.7	
1321.6196	49.7	
975.5328	49.72	
320.1202	49.82	
370.1908	49.82	
850.4454	49.89	
390.4234	50.01	
566.8673	50.01	
1617.6379	50.02	
209.9366	50.03	
442.1147	50.04	
507.1646	50.08	
765.206	50.09	
373.1411	50.18	
824.3989	50.18	
1484.6693	50.18	
1691.3713	50.39	
1337.6036	50.46	
676.2982	50.49	
606.3799	50.56	
1182.4933	50.63	
213.7174	50.68	
828.3702	50.69	
570.2779	50.8	
1138.4734	50.83	
930.5368	50.91	
1240.4957	51	
819.2884	51.02	
1193.4844	51.04	
1357.6579	51.05	
776.4198	51.06	
1039.3815	51.09	
476.164	51.11	
1088.534	51.2	
1550.6303	51.22	
258.1539	51.32	
669.3195	51.35	
159.4441	51.36	
1087.0049	51.39	
1225.532	51.4	
1039.4571	51.41	
946.308	51.42	
465.184	51.43	
1212.5203	51.46	
1009.4358	51.61	
1352.2593	51.62	
1213.6754	51.63	
774.3873	51.64	
807.3955	51.81	
1269.5549	51.85	
943.3167	52	
466.8695	52.01	
568.2366	52.01	
1037.9699	52.02	
854.2997	52.08	
459.2167	52.09	
429.2091	52.12	
1097.3829	52.13	
1476.6174	52.14	
781.3572	52.15	
302.2249	52.22	
1044.52	52.35	
788.3652	52.41	
496.7562	52.49	
629.3356	52.5	
730.2645	52.58	
1126.442	52.65	
518.217	52.68	
378.7494	52.91	
980.0428	52.96	
781.4348	53	
1010.463	53	
129.2697	53.01	
1209.5013	53.06	
1305.6214	53.07	
474.1664	53.08	
261.1042	53.14	
1023.319	53.14	
1708.2122	53.16	
183.1465	53.22	
312.1639	53.29	
529.2238	53.32	
1545.6412	53.35	
318.138	53.41	
977.3423	53.53	
1026.9255	53.65	
1876.7707	53.69	
168.0833	53.78	
939.4266	53.78	
1690.6188	53.81	
771.3639	53.85	
1674.7524	53.88	
1961.8457	53.92	
788.3293	53.98	
867.3474	54	
1020.9527	54	
796.351	54.01	
925.4787	54.01	
159.5035	54.09	
766.3623	54.11	
903.4669	54.11	
1900.8913	54.15	
1325.5124	54.16	
827.325	54.17	
1003.8138	54.31	
518.1831	54.38	
936.4567	54.49	
1055.4314	54.53	
443.1697	54.56	
1181.0472	54.59	
1201.82	54.61	
133.0811	54.64	
540.1892	54.64	
1711.0568	54.69	
565.0592	54.88	
1088.2515	54.89	
187.051	54.9	
714.9529	54.92	
431.1844	55.02	
682.3216	55.03	
845.257	55.04	
1148.4633	55.04	
412.5473	55.18	
571.2002	55.19	
1334.5552	55.22	
951.4368	55.23	
1708.6562	55.25	
1309.5067	55.26	
1608.1531	55.26	
1332.6387	55.27	
942.2613	55.28	
1204.5256	55.28	
1215.6145	55.3	
1582.738	55.3	
1527.3501	55.38	
169.0766	55.45	
131.1157	55.5	
418.2138	55.55	
1287.5093	55.57	
386.1003	55.66	
1140.4058	55.8	
1054.9753	55.82	
1413.7023	56	
589.1607	56.01	
668.2139	56.01	
1381.5946	56.01	
1360.5956	56.03	
130.918	56.04	
317.1093	56.09	
577.3688	56.22	
763.4021	56.25	
1051.4675	56.25	
922.4354	56.47	
790.3325	56.49	
760.4187	56.56	
1448.7186	56.88	
235.1162	56.9	
1257.5828	57.04	
1284.5337	57.04	
434.2138	57.07	
357.3094	57.12	
735.4108	57.15	
740.3374	57.16	
1251.5464	57.39	
1487.7732	57.41	
514.3062	57.42	
1090.5067	57.49	
880.3423	57.64	
1426.6451	57.68	
1526.9299	57.75	
320.0934	58	
1367.7935	58	
1495.6569	58.04	
1085.4544	58.09	
151.0825	58.19	
459.1872	58.22	
758.0583	58.22	
335.0985	58.23	
127.0313	58.24	
1309.2932	58.24	
353.0979	58.33	
938.3276	58.33	
939.9958	58.45	
130.715	58.48	
862.3672	58.58	
866.4409	58.7	
1434.6441	58.78	
1118.489	58.84	
1761.8014	59.08	
1589.7016	59.19	
1251.6402	59.22	
495.4777	59.26	
535.2611	59.37	
611.3244	59.43	
1076.5066	59.57	
337.1231	59.64	
943.4276	59.68	
771.2781	59.7	
287.1168	59.73	
1872.3314	59.82	
576.2594	60	
639.3008	60	
1674.8189	60.01	
817.3314	60.04	
983.5974	60.04	
374.1828	60.05	
630.3014	60.16	
850.4195	60.22	
567.1557	60.23	
958.9287	60.28	
196.1452	60.31	
287.1488	60.33	
558.3018	60.33	
739.287	60.37	
1322.6302	60.37	
804.3995	60.38	
1514.7444	60.39	
1287.676	60.44	
301.0901	60.46	
1979.8856	60.5	
1152.4847	60.51	
1781.1311	60.6	
146.0256	60.89	
1370.6866	61.01	
1180.487	61.07	
700.6167	61.16	
1071.3973	61.16	
1323.529	61.16	
355.3846	61.27	
1520.7044	61.28	
1075.5242	61.34	
369.1553	61.38	
176.0801	61.4	
638.2356	61.44	
1177.4863	61.44	
615.1982	61.49	
402.1801	61.51	
912.9267	61.54	
1115.5924	61.6	
283.0932	61.68	
877.4629	61.9	
1661.7847	62.02	
1462.6444	62.06	
564.3483	62.15	
346.1638	62.16	
905.4143	62.17	
1529.4542	62.24	
1527.4077	62.29	
434.1132	62.45	
1226.581	62.5	
1157.4456	62.52	
1115.0019	62.63	
1139.4554	62.72	
1437.4411	62.72	
269.1001	62.81	
584.2702	62.88	
639.1929	63.01	
683.3291	63.02	
213.1065	63.05	
298.189	63.05	
1264.4596	63.09	
1049.4394	63.13	
611.817	63.14	
884.3713	63.2	
446.202	63.22	
521.9561	63.23	
775.3104	63.28	
1441.7196	63.31	
1385.621	63.43	
223.0465	63.46	
1307.5531	63.46	
1059.9748	63.48	
1433.621	63.56	
1149.5793	63.57	
924.4396	63.68	
1049.5491	63.83	
1104.4691	63.92	
1276.6135	63.93	
848.3731	64	
1437.6258	64	
819.9451	64.01	
734.3733	64.03	
1624.6037	64.1	
305.162	64.11	
182.1283	64.12	
279.1581	64.16	
313.2185	64.24	
1528.0052	64.32	
1144.494	64.35	
1291.5877	64.46	
858.3661	64.52	
1047.5014	64.53	
915.3225	64.56	
1487.6067	64.6	
694.3649	64.8	
1159.5941	64.82	
466.3351	65	
1281.5708	65.01	
1334.6067	65.02	
670.3142	65.05	
906.3869	65.05	
674.3059	65.08	
806.2607	65.15	
1325.6404	65.16	
535.232	65.23	
810.3901	65.26	
342.2214	65.38	
501.2174	65.44	
324.2317	65.55	
657.8258	65.56	
772.2969	65.56	
778.4572	65.63	
149.2402	65.64	
475.1992	65.66	
782.3302	65.76	
915.7699	65.89	
237.136	65.93	
1277.6179	66	
1527.2617	66.02	
1627.1159	66.02	
1475.7233	66.06	
1371.6777	66.11	
299.1684	66.14	
414.1854	66.17	
360.1556	66.21	
396.0966	66.21	
102.9135	66.23	
2090.9131	66.31	
1626.2625	66.38	
1075.4799	66.56	
1242.5271	66.65	
2573.0331	66.78	
1074.4735	66.88	
1514.6702	67.02	
776.3331	67.06	
522.2642	67.09	
2658.2142	67.22	
874.4052	67.25	
692.3346	67.37	
582.6709	67.41	
1438.6692	67.42	
1102.4702	67.47	
531.2582	67.64	
1074.5538	67.64	
1732.8198	67.64	
601.2854	67.74	
1214.613	67.92	
387.362	67.95	
926.4093	68	
1358.6811	68.11	
931.4509	68.12	
768.2796	68.15	
1181.4423	68.27	
749.41	68.33	
1171.9589	68.34	
1495.7364	68.43	
971.3456	68.49	
322.119	68.61	
580.2607	68.75	
1646.8132	68.92	
1983.9122	69.01	
785.3358	69.03	
284.0646	69.06	
356.1133	69.1	
558.2791	69.11	
802.2514	69.17	
682.1852	69.18	
425.1293	69.19	
154.0491	69.21	
696.3413	69.34	
705.2998	69.34	
445.1754	69.41	
970.445	69.56	
1145.6168	69.57	
1417.6161	69.57	
1001.9543	69.69	
913.3886	69.75	
860.4003	69.76	
327.5127	69.78	
369.1914	69.81	
1076.4263	69.88	
141.0408	69.91	
228.1096	69.94	
1510.628	70.01	
725.2478	70.08	
1037.5456	70.1	
185.1596	70.14	
275.0891	70.24	
180.0488	70.28	
796.4619	70.33	
1013.523	70.33	
1046.4454	70.34	
704.3414	70.35	
1099.5379	70.35	
1122.4773	70.36	
592.2988	70.38	
882.8121	70.45	
882.4743	70.46	
1465.6745	70.59	
1393.6461	70.64	
220.1158	70.89	
415.1909	71	
897.2448	71	
1198.5011	71.06	
969.4564	71.08	
736.966	71.15	
393.1137	71.2	
1191.4912	71.28	
291.1014	71.42	
1673.7582	71.6	
457.1441	71.7	
601.2448	71.71	
587.1804	71.79	
231.1453	71.86	
756.3539	71.96	
286.1296	72	
232.3933	72.08	
753.3034	72.11	
532.226	72.12	
1244.5457	72.14	
751.248	72.18	
626.2813	72.34	
1289.6314	72.38	
1293.649	72.38	
596.1912	72.58	
102.0347	72.68	
549.3239	72.76	
765.6026	72.78	
1101.4133	72.88	
1463.6229	72.88	
847.4009	73	
944.4592	73	
1311.6077	73.21	
691.2242	73.24	
653.204	73.29	
1095.3839	73.35	
242.0941	73.37	
1068.46	73.38	
1288.5474	73.39	
414.2638	73.57	
370.1111	73.8	
184.1088	74	
794.2904	74.04	
1255.5152	74.1	
443.1104	74.12	
246.0844	74.2	
525.2885	74.3	
946.9163	74.31	
1259.5681	74.33	
504.1659	74.59	
875.2824	74.62	
1168.4634	74.79	
887.3931	75.03	
636.1995	75.05	
615.2642	75.07	
1240.6229	75.09	
196.1122	75.18	
841.3614	75.29	
1305.6934	75.3	
594.2294	75.34	
1325.5855	75.34	
853.4049	75.36	
1068.4072	75.47	
344.1515	75.49	
316.0771	75.66	
1402.7089	75.9	
1007.3385	76.02	
655.2319	76.03	
288.0968	76.08	
1538.2292	76.11	
300.1052	76.12	
179.1116	76.13	
153.0653	76.33	
1364.596	76.36	
996.3716	76.39	
526.1377	76.49	
1644.7748	76.5	
522.2175	76.56	
1006.4769	76.56	
993.4677	76.8	
639.2659	76.89	
762.3506	76.89	
1238.5553	77	
900.882	77.07	
846.3325	77.22	
1662.7836	77.35	
640.2945	77.43	
455.1206	77.58	
1525.4846	77.62	
433.1344	77.67	
225.451	77.73	
803.3024	77.81	
1600.7435	77.82	
427.1403	77.89	
174.0777	78.07	
393.0795	78.08	
1461.6854	78.09	
1157.5729	78.17	
620.2865	78.19	
451.2015	78.2	
1588.7246	78.23	
210.1209	78.43	
558.221	78.46	
857.3668	79.01	
891.483	79.09	
1390.6442	79.13	
522.1345	79.23	
734.5162	79.35	
450.2093	79.38	
1508.7762	79.42	
359.0942	79.51	
426.2757	79.53	
536.2595	79.57	
1010.5014	79.62	
869.2744	79.68	
1458.7107	79.83	
1474.627	79.89	
1102.5051	80.01	
1265.5583	80.02	
1489.6549	80.04	
151.0485	80.11	
816.8765	80.16	
129.067	80.18	
1064.975	80.26	
896.8819	80.31	
1591.6913	80.36	
232.109	80.37	
1373.6454	80.38	
1529.6982	80.41	
954.3638	80.96	
528.3088	81	
1286.6522	81.02	
514.2399	81.36	
1258.5227	81.39	
1618.7012	81.44	
608.9802	81.49	
1626.9764	81.59	
1239.1466	81.64	
1069.4753	81.81	
326.1517	81.88	
609.1745	81.94	
1413.5978	82.02	
564.2788	82.07	
1222.5289	82.07	
340.2323	82.1	
464.1498	82.16	
638.3268	82.16	
612.2728	82.29	
655.3946	82.33	
140.1414	82.34	
622.3343	82.34	
316.1147	82.35	
1180.5315	82.38	
1395.5802	82.41	
570.2375	82.46	
326.1303	82.48	
615.2359	82.78	
325.1281	82.98	
500.1154	83	
881.4082	83	
341.2564	83.03	
769.2596	83.05	
462.2103	83.07	
563.2639	83.08	
861.3421	83.44	
1472.2967	83.47	
722.3148	83.67	
504.122	83.8	
343.1162	83.84	
240.1724	84.02	
782.8521	84.04	
357.1958	84.27	
1561.7545	84.62	
925.3481	84.84	
1219.5599	84.84	
505.2797	85.01	
686.6695	85.03	
1050.9896	85.04	
303.0951	85.16	
860.3201	85.35	
1441.6719	85.6	
1195.509	85.65	
1378.5662	85.68	
674.2834	86.01	
1384.6012	86.01	
1446.6615	86.17	
767.2609	86.37	
419.1259	86.6	
852.3435	86.64	
1236.4735	86.96	
1167.007	87.18	
275.115	87.21	
1000.433	87.27	
1041.4074	87.28	
664.0163	87.38	
650.236	87.57	
765.0905	87.6	
829.3013	87.72	
547.7345	87.73	
819.7886	88.12	
1511.7152	88.12	
283.1198	88.23	
267.1546	88.29	
1448.2737	88.42	
364.2015	88.54	
883.3386	88.72	
1409.6485	88.74	
1225.5835	88.84	
979.4302	88.95	
710.284	89.07	
1882.8324	89.16	
445.2177	89.24	
275.1401	89.49	
228.135	89.89	
598.2411	89.94	
562.1733	90.02	
589.2708	90.02	
809.3805	90.02	
437.2177	90.1	
1179.0664	90.18	
993.4236	90.55	
385.1208	90.56	
1074.5256	90.56	
1190.5823	91.04	
607.2276	91.11	
156.1117	91.13	
1535.695	91.24	
658.2591	91.45	
327.1476	91.52	
878.4715	91.65	
232.0772	91.68	
1112.4663	91.92	
1550.6868	92	
413.105	92.02	
757.2926	92.37	
863.4647	92.44	
1493.2202	92.59	
1113.4054	92.74	
706.3269	93	
1019.56	93.03	
557.1846	93.05	
1194.5465	93.05	
750.3812	93.2	
159.0598	93.35	
1323.5954	93.45	
203.0833	93.48	
515.2452	93.57	
1464.6892	93.84	
1028.4468	94.01	
616.2475	94.12	
662.2804	94.42	
680.3288	94.76	
808.4	94.95	
1491.6703	95.01	
479.2684	95.03	
1578.7511	95.04	
352.1647	95.08	
374.1581	95.49	
593.2792	95.51	
505.2204	95.52	
1680.7896	95.6	
528.2619	95.64	
1023.5059	95.67	
487.1532	95.92	
1177.5588	95.96	
792.4158	96.16	
1249.5221	96.47	
421.1846	96.67	
1219.5993	96.69	
1482.4086	96.84	
640.3484	96.97	
750.2633	97	
1154.48	97.21	
1030.4393	97.4	
405.1666	97.52	
227.1331	97.56	
249.1206	97.66	
1584.6322	97.72	
1160.6073	97.83	
1750.8403	97.89	
834.4631	98.06	
833.3587	98.12	
1069.3863	98.14	
372.1622	98.41	
154.1353	98.48	
559.2983	98.5	
663.3301	98.51	
1589.7467	98.56	
193.1356	98.75	
243.1437	98.78	
1452.6492	98.82	
490.2622	98.88	
502.1714	98.9	
1513.7108	99	
428.1371	99.02	
604.2281	99.06	
1335.5584	99.12	
1549.7141	99.15	
124.0739	99.18	
160.042	99.21	
834.2652	99.26	
1563.7033	99.31	
451.1495	99.36	
376.1757	99.73	
685.2931	100.02	
492.2025	100.07	
1424.6169	100.26	
371.2287	100.33	
652.2725	100.38	
806.3647	100.48	
553.2706	100.67	
391.2219	100.69	
628.2854	100.96	
283.0749	101.02	
555.2542	101.47	
693.3396	101.52	
379.2267	101.53	
1436.6316	101.7	
814.3628	102.15	
375.1609	102.17	
1625.5331	102.26	
461.2518	102.37	
838.293	102.44	
815.236	102.57	
703.3331	102.76	
1561.7261	102.86	
866.1038	102.88	
426.1761	103.05	
510.3025	103.05	
1624.5552	103.13	
793.3529	103.35	
1096.4225	103.45	
1213.5808	103.61	
1340.5718	103.67	
623.2798	103.92	
417.1707	104.01	
488.1956	104.04	
666.2825	104.04	
352.1458	104.18	
766.2643	104.26	
180.1094	104.52	
960.0871	104.69	
1626.7492	104.84	
711.3792	104.88	
485.2596	104.92	
1323.6314	104.96	
1456.4533	105	
543.3115	105.23	
725.3303	105.29	
123.087	105.32	
561.2456	105.44	
222.1201	105.57	
874.5298	105.59	
416.1424	105.69	
725.3077	105.84	
1399.614	105.85	
561.2986	105.88	
305.0917	105.91	
499.6025	106.19	
381.2619	106.29	
1061.5416	106.52	
1978.8801	106.52	
1213.5375	106.63	
748.4101	106.7	
549.2834	106.85	
118.0646	106.91	
498.1776	106.94	
293.1389	107.04	
195.1345	107.18	
703.0895	107.23	
1189.5758	107.27	
1505.6778	107.34	
1579.6827	107.65	
599.2599	107.7	
1230.6134	107.7	
930.4269	107.78	
500.2416	107.95	
876.4049	108.11	
399.1841	108.12	
1173.035	108.16	
485.2122	108.43	
1663.7909	108.49	
335.1474	108.52	
735.3707	109.01	
461.1737	109.11	
564.1802	109.16	
129.2538	109.4	
630.2315	109.56	
208.0498	109.91	
380.1452	110.03	
619.2425	110.05	
1187.6142	110.06	
130.1001	110.15	
847.3516	110.3	
676.2574	110.4	
278.0936	110.51	
455.2209	110.54	
878.3782	110.74	
889.3101	110.76	
110.0608	110.78	
1300.5759	111.05	
675.2673	111.11	
525.2325	111.27	
1051.5438	111.36	
745.3258	111.38	
859.3707	111.38	
1297.5821	111.38	
1489.6976	111.44	
624.3526	111.68	
533.1772	111.74	
280.0801	112.08	
810.3219	112.08	
1440.6694	112.16	
490.2076	112.39	
638.2978	113.08	
800.3513	113.14	
852.3768	113.15	
780.4434	113.19	
792.3111	113.54	
1280.1543	114.01	
334.1525	114.11	
851.8844	114.2	
455.1962	114.3	
801.3698	114.7	
519.2309	114.73	
619.294	114.76	
343.1476	115.59	
1218.537	115.6	
539.349	115.78	
515.1616	115.92	
153.0979	115.95	
233.0897	116	
1779.8385	116	
477.433	116.18	
924.8985	116.23	
1258.566	116.42	
354.1519	116.84	
1020.918	116.91	
994.4419	116.92	
451.2373	116.93	
143.0702	117.01	
432.2242	117.08	
549.2561	117.09	
717.2719	117.09	
1491.6427	117.1	
567.2064	117.11	
196.0975	117.21	
999.391	117.27	
350.1111	117.75	
889.4077	117.78	
241.0839	117.88	
1396.5826	118.01	
225.1583	118.11	
591.2553	118.66	
236.1033	118.92	
169.1656	119	
168.1488	119.02	
551.2505	119.12	
1243.5119	119.17	
869.9193	119.2	
576.3176	119.23	
602.2307	119.23	
956.3954	119.25	
237.102	119.27	
688.3289	119.32	
245.0395	119.35	
280.1114	120.06	
1175.5469	120.07	
471.1005	120.13	
552.2264	120.22	
431.1407	120.35	
738.3358	120.48	
756.2851	120.49	
1379.6045	120.61	
951.3951	120.66	
1294.5579	120.7	
612.2228	121.05	
754.2972	121.2	
291.0421	121.21	
707.3439	121.26	
469.1774	121.28	
439.1389	121.31	
181.041	121.68	
787.2779	121.68	
999.4748	121.73	
203.1346	121.77	
824.3377	121.81	
539.3025	122.17	
1560.653	122.35	
820.4097	122.36	
890.4251	122.49	
141.0998	122.61	
672.2343	123	
174.1215	123.02	
450.1755	123.02	
366.1567	123.64	
555.2052	123.96	
340.1424	124	
452.1986	124.05	
609.3178	124.25	
821.3424	124.44	
228.0898	124.51	
862.3313	124.76	
598.3491	125.01	
150.1032	125.06	
493.1868	125.37	
996.4852	125.45	
370.1504	125.48	
482.1497	125.61	
767.3178	125.61	
1510.6876	125.68	
800.3006	126.21	
1141.011	126.54	
613.3019	126.96	
778.3935	127	
675.3047	127.54	
1072.4723	127.65	
137.0769	128.01	
507.2912	128.05	
1023.376	128.11	
950.456	128.38	
793.3939	129.54	
618.2215	129.95	
389.1392	129.96	
311.1742	130	
308.1073	130.14	
961.4176	130.16	
1445.6517	130.16	
358.1589	130.6	
708.3373	130.72	
888.8959	130.91	
149.1063	131.01	
197.0786	131.09	
1655.7348	131.14	
450.1463	131.15	
877.4023	131.38	
409.1448	131.4	
444.2192	131.53	
480.1585	131.67	
120.0808	131.95	
679.3206	132.06	
276.1315	132.13	
205.0771	132.37	
416.2383	132.5	
337.1813	133	
1070.9828	133.03	
192.1104	133.07	
1477.7088	133.11	
1380.5775	133.3	
434.1563	133.49	
570.2064	133.82	
1689.8003	134.12	
1279.5192	134.23	
282.1772	134.39	
473.1895	134.45	
253.1642	134.53	
583.3063	134.56	
777.335	134.88	
717.843	134.91	
1024.3723	135.04	
1679.8045	135.04	
1101.9943	135.09	
1225.4738	135.1	
1306.5517	135.28	
257.0759	135.3	
868.3722	135.67	
1362.5519	135.84	
458.2345	136.02	
635.2732	136.48	
870.3636	136.61	
365.1321	136.64	
584.3598	137	
213.1356	137.03	
1047.9855	137.04	
861.9439	137.76	
568.3024	137.84	
1241.5798	138.11	
930.3681	138.21	
463.1971	138.69	
657.2362	139.32	
701.2781	139.38	
322.1708	139.47	
937.3406	139.48	
748.3141	139.53	
1577.6911	139.68	
699.2888	139.82	
356.1433	139.89	
561.1735	140.1	
216.1156	140.11	
353.1266	140.25	
554.3096	140.26	
540.247	140.29	
969.4199	140.66	
695.3547	140.81	
188.0354	140.85	
349.1819	141.36	
607.3247	141.5	
896.3756	141.67	
1078.5394	141.85	
289.0962	141.88	
680.3008	141.98	
633.284	142	
659.2861	143.16	
439.2014	143.25	
149.0688	143.27	
1490.58	143.32	
989.3953	143.43	
419.1015	143.56	
647.2952	144.16	
968.4771	144.25	
618.2961	144.79	
295.1825	144.86	
138.1256	145.03	
1060.5052	145.13	
1481.6767	145.5	
590.2641	145.59	
200.0842	146.02	
780.3215	146.22	
397.1745	146.29	
317.1424	146.41	
1881.8531	147.04	
599.1679	147.1	
633.2559	147.22	
1202.5141	147.25	
265.1708	147.32	
1560.7707	147.41	
513.1934	148.04	
825.3311	148.45	
557.3339	148.76	
1435.6285	149.2	
413.1895	149.4	
308.1842	149.41	
399.2336	149.67	
165.0658	149.68	
272.0665	149.69	
892.4107	149.7	
584.2165	149.81	
1137.5024	149.99	
326.0825	150.04	
547.2018	150.11	
690.2717	150.12	
534.2185	150.36	
1035.4381	150.38	
485.1817	151.18	
422.1845	151.34	
1410.6776	151.35	
257.1257	151.73	
351.1431	151.89	
712.2798	151.97	
193.0961	152.06	
633.2081	152.2	
294.0926	152.45	
750.2996	154.1	
1498.7016	154.37	
689.345	154.77	
419.2094	154.84	
229.0979	155.26	
951.354	155.81	
1164.4627	155.81	
424.2541	156.01	
268.1613	156.6	
983.3495	156.77	
489.2316	156.82	
339.1341	157.03	
974.509	157.41	
325.2157	157.45	
521.316	157.63	
567.2485	157.88	
850.3589	158.12	
704.2529	158.36	
760.3144	158.85	
1185.4805	158.94	
1197.4923	159.01	
1494.6679	159.03	
791.4107	160.59	
515.2029	160.78	
1322.5142	161.6	
209.1262	161.67	
480.2171	162.15	
819.3785	162.47	
302.1511	163	
581.2222	163	
243.0844	163.02	
350.1467	163.16	
1113.4603	163.22	
1123.5723	164.27	
366.1228	164.83	
407.1401	164.88	
565.8609	164.95	
423.2052	165.17	
640.2648	165.18	
727.3286	165.46	
382.1772	165.57	
512.2689	165.66	
195.1124	165.79	
777.4105	166	
393.2473	166.18	
402.2153	166.18	
556.2359	166.63	
1579.7361	166.93	
604.2869	167.11	
792.3417	168.03	
179.0805	168.3	
658.2886	168.34	
1184.5019	168.39	
133.0385	168.64	
308.1423	168.78	
281.1572	169.1	
395.2138	169.51	
864.4015	169.63	
605.2568	169.75	
1369.4011	169.77	
457.2308	170	
1301.5859	170.1	
1070.3877	170.28	
1018.428	170.33	
157.1318	170.56	
389.1806	170.69	
404.1934	170.88	
1479.6895	171.08	
219.0705	171.3	
1157.0246	171.3	
346.0856	171.41	
126.0384	171.74	
289.1299	172.24	
1709.8031	172.56	
294.1187	173.13	
707.3008	173.46	
622.2384	173.86	
194.1262	174.05	
184.069	174.47	
789.3387	174.56	
471.2386	174.83	
453.2828	175.41	
491.2856	175.77	
592.2539	176.08	
982.3571	176.33	
483.227	177.03	
773.3078	177.15	
341.2152	177.41	
383.159	177.43	
309.1515	177.98	
184.0433	178.24	
294.1801	178.57	
450.2756	178.6	
683.2861	179.34	
389.1187	179.46	
255.1706	179.83	
754.3395	180.25	
635.3287	180.37	
205.097	180.76	
649.2613	181.06	
1107.5584	181.52	
664.2924	181.59	
823.3469	181.59	
128.0144	182.02	
968.3952	182.12	
1310.5895	182.25	
1597.776	182.74	
461.2201	182.78	
671.3245	183.45	
548.2141	183.48	
527.2628	183.54	
632.2839	183.62	
635.2424	183.94	
644.2825	184.01	
237.0666	184.21	
156.046	184.33	
510.2802	184.71	
654.2887	184.88	
596.2834	185	
386.1822	185.17	
1149.439	185.17	
748.2891	185.22	
453.1966	186	
650.3201	186	
599.2885	186.35	
172.1136	186.85	
406.207	187.04	
211.0535	187.17	
596.2418	187.34	
420.2239	188.68	
394.1666	188.96	
661.2821	189.04	
663.2744	189.42	
1045.9642	189.48	
524.255	189.77	
1288.6515	190.68	
879.345	190.8	
794.4296	191.41	
252.1103	193	
1140.5176	193.01	
584.3281	193.02	
200.138	193.31	
430.2089	193.45	
333.1544	194.33	
464.23	194.37	
497.1973	194.38	
864.3726	195.03	
1033.5014	195.38	
1397.6457	195.53	
555.2908	196.04	
836.4032	196.36	
103.0526	197.56	
191.0788	197.84	
323.1139	197.88	
449.1967	198.14	
648.2698	198.18	
273.1104	198.61	
689.2769	198.92	
169.098	199.6	
955.4191	200.15	
418.159	200.48	
1130.4899	200.49	
335.1722	201.29	
319.1504	201.88	
154.1048	202.05	
231.0559	202.3	
380.182	203.08	
735.3173	203.8	
646.2477	203.81	
371.1739	205.03	
1324.5887	205.04	
401.2113	205.13	
364.1713	206.24	
803.353	206.24	
590.2354	206.25	
488.1565	206.27	
1220.5083	206.95	
521.2598	206.98	
377.1603	207.01	
593.2197	207.12	
420.1726	207.37	
1341.6017	208.5	
297.1923	209.35	
363.1074	211.45	
443.2027	211.53	
401.146	211.92	
414.2203	212.19	
768.3628	212.35	
166.0975	212.89	
607.2759	212.97	
940.4095	213.24	
395.1566	214.11	
356.1805	214.15	
264.0763	214.32	
247.1101	215	
702.3142	216.17	
421.1492	216.18	
760.8232	216.52	
379.1714	217.01	
581.2717	217.2	
438.1765	217.96	
394.2812	218.24	
602.2757	218.33	
687.8594	218.47	
437.161	220.62	
182.0938	220.72	
185.1037	221.45	
390.2129	223.36	
423.1646	223.87	
802.3585	224.72	
361.1251	224.95	
240.0785	225.43	
407.1731	225.79	
748.0491	225.88	
703.2536	226	
219.1002	226.05	
497.225	226.7	
254.0966	227.47	
649.3085	227.68	
213.0693	227.8	
290.13	228.22	
989.4565	229.07	
353.214	229.64	
408.2241	230.07	
383.13	230.47	
296.1397	230.52	
481.3083	230.9	
183.0963	232	
755.2877	232.4	
413.1621	233.53	
478.137	233.69	
271.0732	234.53	
194.092	234.68	
549.2087	235.28	
724.324	235.52	
493.2164	235.76	
349.129	236.01	
1496.6741	236.13	
592.2326	236.16	
542.2235	236.53	
1353.57	237.99	
311.2073	238	
1000.3726	238.11	
268.1444	238.15	
292.1446	238.19	
406.1502	238.23	
377.182	238.41	
391.187	239.78	
401.1939	241.78	
239.1737	242.14	
1490.6628	242.16	
464.1973	242.28	
523.1598	243.78	
338.17	244.05	
1017.3956	245.08	
452.169	245.12	
537.2295	245.22	
315.1139	248	
606.2673	248.01	
528.2016	248.36	
1205.6185	249.03	
682.2804	249.67	
408.1696	250.07	
290.1084	250.46	
274.1198	251.62	
183.0564	252.16	
523.2332	252.25	
347.1366	252.92	
284.1946	254.03	
920.4092	254.06	
539.2078	254.53	
157.095	255	
469.2238	255.18	
156.0802	258.18	
392.2018	259.94	
349.1631	261.08	
523.2599	261.79	
683.3934	263.01	
394.2033	263.17	
237.1695	265.06	
428.2248	265.35	
143.1173	266.69	
497.2639	266.87	
266.1218	267.04	
1778.8398	271	
297.1547	273.11	
527.2963	273.27	
718.3082	273.56	
365.1542	274.08	
198.0692	274.09	
425.173	274.13	
1370.6041	274.21	
181.1326	274.28	
1451.6419	275	
274.0879	276.22	
1177.613	276.71	
384.1338	277.16	
492.2282	280.19	
281.1184	280.23	
280.1672	280.96	
377.2138	282.01	
187.0843	284	
312.1063	286.15	
388.1538	286.96	
278.1377	287.03	
1691.7829	287.03	
357.1557	287.15	
567.2899	288.12	
735.2863	288.38	
229.0616	288.47	
322.1509	288.92	
391.1411	290.41	
468.1681	292.02	
155.117	292.49	
178.0706	295.46	
303.1677	295.91	
1352.5642	296.6	
323.1708	296.64	
624.2584	296.77	
479.2034	296.94	
268.1102	297.45	
686.2248	298.71	
634.2347	299.05	
1414.6527	300.38	
288.1376	303.74	
1606.7515	304.74	
541.2771	305.53	
307.1354	307.41	
625.2726	308.1	
164.0504	308.14	
141.0662	308.37	
667.2661	308.77	
746.311	308.98	
336.1399	309.04	
1608.7372	310.71	
331.1585	310.86	
361.1498	311.62	
254.1474	314.71	
315.144	318.34	
564.2309	318.96	
1201.5146	321.12	
266.147	321.42	
379.1445	322.17	
691.2997	323.41	
301.1581	324.08	
533.2159	325.44	
539.2605	326.57	
410.2362	326.71	
560.2293	326.78	
171.1113	328.78	
378.1734	329	
898.3665	332.74	
167.1187	332.88	
577.2589	335.49	
260.1056	337.28	
139.0839	340.47	
265.1383	340.68	
524.1987	343.54	
244.1106	343.93	
1509.6679	344.05	
579.2412	344.84	
553.2231	346.95	
511.2343	347.2	
304.133	347.8	
1469.6833	349.5	
440.2306	352.38	
694.2812	353.44	
441.1562	357.11	
131.0676	358.19	
1596.7752	359.46	
463.1723	361.17	
665.307	362.06	
253.1062	365.56	
1480.6679	365.8	
481.1851	368.21	
318.0913	368.99	
595.2861	369.39	
693.2768	369.93	
863.3848	370.16	
1497.6949	371.62	
436.1798	373.09	
381.1445	373.1	
392.1715	373.3	
299.1236	375.78	
509.2188	378.66	
403.1426	387.25	
314.1336	388.56	
329.1284	389.61	
185.1282	392.28	
566.2478	393.06	
101.07	395.06	
271.1249	398.47	
195.0702	399.51	
440.1908	400.07	
342.1258	401.17	
186.0738	409.44	
506.2109	409.92	
110.0952	410.02	
188.0713	411.52	
181.0761	412.3	
183.1117	413.57	
216.0851	415.05	
426.2159	418.44	
521.2261	423.44	
611.2456	425.78	
508.2106	426.27	
470.1839	430.25	
617.2491	431.11	
588.224	431.51	
348.1827	432.68	
651.266	434.69	
538.2614	434.86	
442.2106	437.77	
384.1998	438.16	
256.0733	438.82	
506.1363	440.32	
886.3878	442.37	
721.3322	445.24	
113.0719	448.26	
677.3038	448.29	
851.3555	448.8	
410.1773	449.22	
400.1827	451.62	
127.0847	454.36	
359.1671	457.96	
527.203	458.33	
786.2953	464.17	
366.1917	465.3	
665.2844	466.15	
263.1482	466.4	
499.2331	466.41	
250.1198	467.38	
171.0606	468.45	
1507.6877	468.9	
207.0767	472.58	
835.3874	475.29	
105.0656	479	
1527.6858	481.07	
818.3687	482.66	
412.2916	488.43	
212.1006	491.88	
875.4344	496	
1690.7785	496.4	
181.0969	498.6	
209.105	501.46	
267.112	505.36	
147.0579	506.69	
1607.7415	509.72	
1468.678	511.46	
550.2411	512.06	
416.1748	512.94	
734.2989	514.03	
285.1295	517.27	
175.0527	519.6	
385.1708	520.23	
218.0963	523.66	
1106.5452	534.31	
144.0793	537.48	
116.069	542.13	
1172.5402	546.38	
270.0899	547.22	
458.1837	570.03	
325.185	578.73	
185.0732	579.48	
737.3224	581.41	
636.2883	583.22	
554.2542	587.59	
258.1197	591	
608.2668	593.43	
513.2452	598.29	
612.3148	602.38	
1369.5918	620.05	
155.0809	620.08	
160.0937	623.82	
428.1957	625.15	
353.1638	628.66	
223.1081	629.18	
178.096	629.48	
594.2692	646.45	
295.1368	648.36	
456.2283	653.9	
240.1329	657.87	
845.3284	659	
869.3696	660.71	
114.0364	663.1	
199.0908	663.85	
226.1349	696.95	
507.2287	697.89	
282.0908	704.57	
212.1378	712.53	
636.2624	719.33	
496.2025	775.1	
367.1425	779.7	
239.1183	784.01	
583.2515	813.42	
225.0698	825.02	
477.1943	838.31	
454.211	881.8	
915.3908	882.06	
284.1391	896.23	
296.1046	911.74	
424.1656	915.44	
411.1468	921.49	
507.2016	921.97	
170.0604	940.62	
637.2923	945.2	
339.2008	969.7	
444.1701	970.97	
324.1028	981.89	
256.1116	992.36	
225.1024	1001.74	
747.2925	1016.75	
412.1652	1016.85	
132.081	1053.44	
398.1514	1072.04	
284.1058	1074.07	
239.0835	1079.44	
242.127	1082.9	
393.1602	1085.6	
719.2977	1089.4	
129.1012	1091.8	
111.0536	1097.5	
256.1426	1099.28	
227.0854	1100.86	
206.0903	1112.69	
199.0536	1121.47	
367.1742	1133.43	
765.3197	1134.25	
310.1204	1140.39	
396.17	1155.8	
321.1557	1163.06	
541.2231	1170.82	
411.2045	1178.15	
1508.673	1202.63	
197.1059	1260.71	
478.1762	1267.44	
466.1767	1277.35	
897.3588	1335.23	
384.1684	1378.33	
211.0892	1414.24	
681.2825	1415.37	
468.2263	1420.26	
720.327	1615.66	
653.287	1620.05	
125.0693	1686.29	
1708.8045	1841.92	
264.1344	1902.12	
387.1472	1959.77	
610.2428	1982.21	
211.1228	2052.23	
173.0741	2093.68	
565.226	2238.36	
1625.7711	2287.28	
272.1058	2298.2	
258.0895	2496.08	
1526.7028	2516.13	
313.1312	2663.03	
115.0855	2704.23	
167.0807	2786.2	
130.0645	2794	
341.1279	2795.01	
578.2423	2820.71	
298.1224	2870.99	
201.0691	2874.59	
736.3239	3246.96	
238.1185	3303.11	
764.3192	3361.8	
467.2071	3499.56	
914.3864	3520.35	
1707.798	3782.98	
1624.7648	4035.28	
270.1242	4767.31	
495.2026	5552.36	
355.1431	5934.46	
159.091	6040.54	
582.2504	6899.25	
1525.6976	7504.36	
224.1026	7563.4	

