#MS Peaks One: + Product Ion (rt: 4.253 min) (1194.5400 -> **) (2021-02-22_EG_1228_9_msms.d)
#
Center X	Height
325.2816	1.12	
480.0342	1.12	
824.5096	1.12	
1206.2934	1.12	
167.7252	2	
184.5005	2	
327.3158	2	
384.3352	2	
493.3989	2	
519.3869	2	
606.4087	2	
607.4277	2	
637.5857	2	
774.2326	2	
828.4865	2	
981.6911	2	
1057.7602	2	
1112.5756	2	
230.1522	2.04	
307.2412	2.04	
328.2534	2.04	
377.268	2.04	
1233.479	2.04	
111.2032	2.25	
198.8397	2.25	
224.5735	2.25	
229.3278	2.25	
316.2249	2.25	
590.3277	2.25	
139.5991	3	
166.18	3	
197.4869	3	
222.228	3	
225.807	3	
228.2159	3	
480.3312	3	
579.3714	3	
1230.5137	3	
1370.7635	3	
1576.8418	3	
1709	3	
253.2067	3.02	
660.3935	3.02	
1178.5507	3.02	
1577.9737	3.02	
1662.8213	3.02	
2038.3557	3.02	
223.2397	3.04	
259.1428	3.04	
470.9772	3.04	
650.3921	3.04	
837.4539	3.04	
1181.6084	3.04	
1206.8182	3.04	
1652.8308	3.04	
338.246	3.12	
518.0295	3.12	
608.5082	3.12	
980.6125	3.12	
1466.7709	3.12	
1552.7818	3.12	
146.1902	3.25	
548.2081	3.25	
1977.1763	3.25	
298.3839	3.38	
702.0123	3.38	
1148.6453	3.38	
171.2045	4	
185.5737	4	
387.3117	4	
408.5324	4	
463.39	4	
728.4515	4	
788.5532	4	
886.5196	4	
285.178	4.02	
291.2674	4.02	
324.3608	4.02	
392.2921	4.02	
428.8437	4.02	
791.4546	4.02	
1039.9979	4.02	
232.1709	4.03	
974.5821	4.03	
160.3891	4.04	
484.358	4.04	
133.1252	4.08	
144.4952	4.08	
237.797	4.08	
302.2236	4.08	
313.2898	4.08	
505.1332	4.08	
549.3425	4.08	
1117.2434	4.08	
1253.5917	4.08	
227.3876	4.12	
596.1485	4.12	
624.3844	4.12	
732.3863	4.12	
794.0292	4.12	
891.5325	4.12	
949.4016	4.12	
1059.4169	4.12	
319.8018	4.22	
515.2977	4.22	
1172.7846	4.22	
1599.8204	4.22	
198.0119	4.25	
353.5948	4.25	
766.2217	4.38	
218.536	4.5	
1080.7059	4.5	
1426.9448	4.5	
262.7354	5	
294.2548	5	
401.1685	5	
505.3754	5	
857.2027	5	
933.4857	5	
1025.3998	5	
1544.5884	5	
283.2854	5.01	
675.9268	5.01	
772.4734	5.01	
1223.4047	5.01	
2370.4115	5.01	
441.2627	5.02	
532.1379	5.02	
872.8015	5.02	
217.615	5.03	
365.2742	5.03	
551.3404	5.04	
567.3872	5.04	
110.1337	5.06	
226.4604	5.06	
308.644	5.06	
184.0806	5.08	
235.2209	5.08	
292.2312	5.08	
319.3042	5.08	
382.6405	5.08	
402.2831	5.08	
252.1782	5.12	
266.239	5.12	
368.287	5.12	
461.3062	5.12	
1509.8396	5.12	
2221.4435	5.12	
105.1102	5.16	
273.6118	5.16	
322.9415	5.16	
420.5408	5.16	
1002.1938	5.16	
194.4455	5.22	
580.3674	5.22	
1686.8336	5.22	
175.0206	5.25	
1395.7189	5.25	
525.3858	5.33	
815.2758	5.33	
888.3147	5.33	
1157.432	5.33	
1473.3491	5.33	
175.1448	5.38	
693.4561	5.38	
467.3413	5.62	
157.5713	6	
244.9679	6	
290.2243	6	
450.3666	6	
563.445	6	
1154.5959	6	
1233.4058	6	
1277.6782	6	
1491.7346	6	
272.9568	6.01	
522.3774	6.01	
613.3699	6.01	
249.4105	6.02	
754.1999	6.02	
902.4572	6.02	
1051.7889	6.02	
1306.6006	6.02	
127.1676	6.04	
445.3581	6.05	
479.3415	6.05	
170.1418	6.08	
306.5777	6.08	
941.2359	6.08	
158.5097	6.12	
256.2787	6.12	
391.8097	6.12	
404.2789	6.12	
1022.975	6.12	
1205.4935	6.12	
313.3326	6.16	
211.7105	6.22	
1310.5638	6.22	
157.192	6.25	
271.6466	6.25	
538.4665	6.25	
544.3477	6.33	
316.1774	6.38	
513.3568	6.38	
879.4422	6.38	
113.1236	6.45	
116.136	6.45	
566.4751	6.45	
184.2031	6.5	
529.2753	6.62	
128.1171	7	
172.4072	7	
215.1966	7	
261.1992	7	
348.2656	7	
426.298	7	
584.4258	7.01	
609.3823	7.01	
921.4757	7.01	
1070.6745	7.01	
147.5404	7.02	
208.4237	7.04	
386.2864	7.04	
142.1629	7.05	
299.2581	7.05	
1346.5642	7.05	
736.7022	7.08	
152.1648	7.1	
129.1545	7.12	
1090.1872	7.12	
225.5588	7.16	
1477.8063	7.16	
253.5276	7.2	
260.2008	7.2	
411.5728	7.2	
562.3522	7.2	
2389.9459	7.2	
754.3979	7.22	
1217.5853	7.22	
211.3186	7.25	
985.5745	7.33	
297.5586	7.35	
538.3852	7.35	
578.6694	7.35	
1132.5473	7.35	
1510.7908	7.35	
283.1406	7.56	
825.4904	7.56	
1454.6658	7.56	
371.2334	7.75	
540.9007	7.75	
193.171	7.88	
155.3454	8	
284.2631	8	
483.6276	8	
786.2417	8	
984.5027	8	
263.2258	8.01	
264.9385	8.01	
335.2167	8.01	
410.4172	8.01	
529.3433	8.01	
593.645	8.01	
660.2772	8.02	
715.3786	8.02	
867.4502	8.02	
1057.6922	8.02	
140.0915	8.04	
159.5872	8.04	
304.2026	8.04	
356.5649	8.04	
386.382	8.04	
781.289	8.04	
794.3515	8.04	
1092.6103	8.04	
1509.2773	8.04	
422.446	8.05	
821.4785	8.05	
321.5632	8.08	
565.807	8.09	
226.8633	8.1	
155.7901	8.17	
265.0277	8.17	
1977.1344	8.17	
1358.6052	8.2	
936.4003	8.25	
386.2713	8.28	
755.6706	8.28	
1132.7804	8.28	
132.1322	8.33	
312.173	8.33	
211.2951	8.45	
217.1543	8.45	
753.7904	8.45	
892.4045	8.5	
356.0171	8.62	
1193.4929	8.68	
643.2898	8.88	
109.133	9	
568.3645	9	
1005.6186	9	
1243.4844	9	
1619.7491	9	
112.0349	9.01	
356.2565	9.01	
923.7877	9.01	
1576.7727	9.01	
1932.4821	9.01	
913.2958	9.02	
348.3824	9.03	
486.1072	9.03	
1625.181	9.03	
211.244	9.04	
216.1818	9.04	
232.5523	9.04	
297.8348	9.04	
533.2864	9.04	
456.4134	9.05	
1047.6224	9.05	
164.1037	9.07	
240.7971	9.07	
628.2908	9.07	
848.4129	9.07	
1338.5674	9.07	
238.8011	9.08	
211.9003	9.09	
245.9372	9.09	
675.1317	9.09	
1147.4619	9.09	
201.3101	9.1	
795.4098	9.1	
114.0786	9.14	
239.6873	9.14	
264.7732	9.14	
1526.9225	9.14	
504.1171	9.16	
731.4928	9.16	
221.1982	9.17	
1600.795	9.17	
271.838	9.2	
1220.622	9.2	
141.3609	9.22	
173.5729	9.24	
789.4611	9.24	
1054.4733	9.24	
387.2834	9.25	
1251.5234	9.25	
856.3986	9.28	
440.291	9.33	
689.4784	9.38	
1011.4718	9.38	
926.3022	9.45	
1093.5257	9.45	
499.3101	9.5	
283.7984	9.56	
563.3636	9.56	
598.1446	9.56	
1107.4589	9.56	
1697.5418	9.56	
369.2552	9.68	
155.442	9.8	
170.2567	9.8	
102.0868	10	
310.2091	10	
424.5954	10	
1070.5267	10	
1165.4629	10	
1313.6581	10	
113.2781	10.01	
205.5735	10.01	
610.9534	10.01	
739.3644	10.01	
215.2782	10.03	
421.7271	10.03	
480.3998	10.03	
448.238	10.04	
548.089	10.04	
1790.7877	10.04	
314.1884	10.06	
527.1061	10.06	
212.9185	10.07	
412.4123	10.07	
382.7016	10.09	
1097.4736	10.1	
490.7086	10.12	
890.3843	10.16	
606.8025	10.17	
861.7369	10.17	
1076.4711	10.17	
138.1763	10.21	
1187.1341	10.21	
519.9362	10.22	
911.319	10.22	
1517.5567	10.22	
265.3494	10.25	
333.7928	10.32	
359.6496	10.32	
1379.6664	10.33	
206.0679	10.35	
240.3434	10.35	
766.4462	10.35	
197.5852	10.47	
270.2573	10.47	
390.2651	10.47	
1120.023	10.47	
929.3791	10.5	
524.1491	10.56	
250.3931	10.67	
240.585	10.68	
159.3056	10.92	
206.2653	10.92	
342.3388	10.92	
412.5911	10.92	
817.4919	10.92	
233.1569	11	
266.5009	11	
349.2706	11	
390.3238	11	
426.6784	11	
703.8785	11	
1129.6127	11	
192.7583	11.01	
227.3714	11.01	
526.2475	11.01	
1064.4738	11.01	
283.2035	11.02	
371.7928	11.02	
770.3587	11.02	
334.2184	11.03	
115.2093	11.04	
282.8	11.06	
468.5818	11.06	
1419.6412	11.06	
673.2637	11.07	
935.4444	11.07	
704.369	11.08	
315.22	11.1	
1489.6278	11.11	
1018.622	11.12	
370.3956	11.16	
885.2907	11.17	
1860.9931	11.17	
1023.4086	11.18	
1910.0114	11.18	
511.8892	11.21	
720.8356	11.21	
876.7263	11.25	
1341.7118	11.25	
1765.8036	11.25	
134.3559	11.28	
644.4671	11.28	
999.401	11.28	
1234.6624	11.28	
330.2401	11.41	
1192.4693	11.41	
1314.6911	11.41	
160.155	11.45	
331.2375	11.45	
514.3483	11.5	
1038.4238	11.5	
1430.003	11.56	
1368.9339	11.57	
1625.4431	11.57	
284.7146	11.62	
873.9073	11.68	
167.3505	11.78	
492.5002	11.78	
554.5333	11.88	
820.2686	11.88	
298.5271	11.92	
370.7146	12	
795.4784	12	
1177.2572	12	
1217.6491	12	
1365.5898	12	
200.0595	12.01	
298.9395	12.01	
736.7865	12.01	
1137.828	12.01	
239.5425	12.02	
619.2199	12.02	
821.4292	12.02	
722.3046	12.04	
881.8608	12.04	
541.8345	12.05	
423.8616	12.06	
250.559	12.08	
1047.0263	12.08	
1761.804	12.08	
347.2415	12.1	
574.3878	12.1	
1407.9578	12.1	
432.2711	12.12	
467.8072	12.12	
729.3627	12.12	
1245.5443	12.12	
296.4329	12.14	
867.327	12.14	
125.8183	12.16	
183.9627	12.16	
478.3677	12.17	
2929.8601	12.17	
181.1643	12.2	
187.1489	12.21	
736.8242	12.21	
308.363	12.24	
262.0149	12.25	
301.0989	12.25	
346.3613	12.25	
554.9117	12.25	
679.7	12.25	
1561.7484	12.25	
488.2936	12.28	
171.7778	12.32	
284.7497	12.36	
422.789	12.36	
551.4806	12.36	
1123.9659	12.36	
237.9215	12.45	
1209.5394	12.45	
106.3505	12.5	
1674.7268	12.5	
457.3585	12.56	
520.2255	12.56	
712.7553	12.56	
924.1919	12.68	
1092.6686	12.68	
216.4719	12.89	
552.6173	12.89	
661.4245	12.89	
222.3835	13	
400.2571	13	
497.4139	13	
867.0506	13	
2963.8018	13	
268.2172	13.01	
273.2497	13.01	
361.1014	13.01	
384.8259	13.01	
491.987	13.01	
716.5309	13.01	
768.8648	13.01	
1191.8571	13.01	
1193.8257	13.01	
1290.6938	13.01	
1365.6733	13.01	
264.3379	13.02	
351.0537	13.02	
490.6541	13.02	
1021.4082	13.02	
1317.541	13.02	
430.218	13.03	
637.3488	13.03	
1392.3775	13.04	
1968.909	13.04	
274.9305	13.05	
391.5909	13.06	
1162.4013	13.08	
144.2489	13.09	
264.547	13.09	
850.3072	13.09	
900.2659	13.09	
1764.9128	13.11	
497.7155	13.12	
801.2922	13.12	
508.0354	13.15	
1155.47	13.15	
1446.6933	13.15	
211.4503	13.16	
786.5147	13.16	
638.9903	13.17	
313.6467	13.18	
830.4259	13.25	
922.341	13.32	
1076.3682	13.32	
184.1812	13.35	
468.3713	13.36	
774.2998	13.41	
474.8093	13.44	
222.195	13.45	
690.3397	13.56	
720.9463	13.57	
370.7751	13.6	
1473.6945	13.6	
687.2343	13.68	
1219.6169	13.78	
1206.5815	13.92	
130.1672	14	
502.3016	14	
527.7851	14	
1249.6077	14	
334.6238	14.01	
844.4085	14.01	
325.6641	14.02	
664.831	14.02	
182.2273	14.03	
391.8944	14.03	
508.4507	14.03	
584.7632	14.04	
1026.4639	14.04	
1371.8199	14.04	
172.17	14.07	
123.5549	14.08	
276.2443	14.08	
1582.7405	14.1	
2862.2823	14.11	
288.4139	14.12	
1025.4668	14.14	
1360.6174	14.14	
310.3193	14.16	
775.5097	14.16	
223.188	14.17	
826.2171	14.2	
1014.4	14.2	
226.2512	14.22	
1910.5261	14.28	
1392.7848	14.29	
612.9637	14.32	
587.1463	14.35	
1562.7507	14.35	
914.7359	14.36	
817.6302	14.4	
1235.6162	14.4	
100.0634	14.41	
494.5701	14.47	
436.6511	14.5	
1273.5389	14.5	
943.4129	14.53	
986.4177	14.62	
224.9349	14.68	
299.8287	14.68	
615.7347	14.68	
811.4395	14.68	
226.3116	14.78	
464.8565	14.78	
894.4756	14.78	
1728.3686	14.89	
162.4585	14.92	
711.5343	15	
801.0561	15	
1446.7594	15	
1607.226	15	
453.6613	15.01	
895.3322	15.01	
609.6912	15.02	
872.8837	15.02	
915.1983	15.02	
297.6369	15.04	
300.4618	15.04	
3095.9151	15.04	
1054.7216	15.05	
1915.1186	15.06	
167.2978	15.08	
663.3533	15.08	
1051.4734	15.08	
293.3291	15.09	
797.234	15.09	
433.2583	15.11	
1416.6569	15.11	
377.1144	15.12	
1353.4602	15.12	
1484.5781	15.12	
510.1842	15.14	
1426.6699	15.15	
142.1402	15.16	
802.5962	15.16	
1858.8935	15.17	
243.7183	15.18	
1285.9201	15.19	
202.1985	15.21	
542.2957	15.21	
1034.2778	15.21	
847.4951	15.22	
169.454	15.32	
1117.4472	15.32	
1980.8795	15.32	
335.6478	15.35	
588.7683	15.35	
238.7466	15.36	
610.8415	15.36	
465.8348	15.4	
199.9763	15.41	
984.3491	15.41	
360.3025	15.48	
382.2398	15.48	
522.9257	15.48	
957.3096	15.48	
841.4336	15.57	
1431.9267	15.69	
209.163	15.78	
111.1336	15.88	
272.4674	15.89	
793.351	15.89	
1401.5596	15.89	
772.1413	15.92	
224.8637	16	
360.1188	16	
505.4176	16	
1039.6858	16	
1250.554	16	
159.4309	16.01	
901.4969	16.01	
949.2938	16.01	
1124.4056	16.01	
205.7778	16.02	
466.9738	16.02	
495.3562	16.03	
614.3171	16.04	
809.7064	16.05	
1376.5741	16.05	
242.5477	16.08	
424.2681	16.08	
1059.8406	16.09	
125.2264	16.11	
249.3322	16.12	
313.9947	16.12	
469.4112	16.12	
708.331	16.12	
350.6241	16.16	
760.484	16.17	
461.6035	16.19	
1001.3687	16.23	
476.1205	16.24	
677.5746	16.24	
509.7446	16.25	
1341.5947	16.36	
178.1518	16.38	
386.9057	16.41	
1597.7913	16.41	
181.332	16.44	
338.3485	16.44	
589.5556	16.44	
628.927	16.44	
1268.5632	16.44	
1392.6368	16.44	
2454.1055	16.44	
418.2516	16.45	
416.1006	16.53	
139.1288	16.56	
769.7131	16.57	
1518.3715	16.62	
655.2776	16.72	
709.9872	16.72	
1024.054	16.72	
1050.421	16.8	
1152.5372	16.8	
115.2701	16.9	
583.6046	16.9	
1128.3525	16.9	
1427.5237	16.9	
537.7152	17.01	
1018.5221	17.01	
1304.5907	17.01	
466.41	17.02	
555.4708	17.02	
564.9145	17.02	
575.1544	17.02	
785.6097	17.05	
826.4448	17.05	
324.9495	17.06	
692.2987	17.06	
909.3809	17.06	
526.3154	17.08	
1439.6954	17.11	
250.1774	17.12	
1185.5058	17.12	
1288.5872	17.12	
223.9307	17.16	
1351.1852	17.16	
870.2364	17.17	
707.8399	17.2	
424.8568	17.23	
503.8763	17.24	
686.2854	17.24	
811.3454	17.25	
433.8228	17.27	
122.0264	17.28	
264.9149	17.28	
764.457	17.32	
943.1766	17.32	
470.0145	17.36	
532.172	17.36	
2497.8998	17.36	
293.4544	17.4	
414.1291	17.4	
483.085	17.4	
994.1119	17.4	
1059.5133	17.4	
824.6294	17.52	
1420.5762	17.52	
1012.3488	17.53	
1624.9063	17.53	
365.5305	17.56	
1503.7285	17.6	
282.235	17.62	
441.3433	17.65	
506.5668	17.65	
129.312	17.66	
550.5588	17.66	
853.8277	17.66	
1778.7976	17.72	
697.0578	17.75	
225.5146	17.8	
215.6557	18	
311.2752	18	
733.347	18	
1237.6084	18	
1526.4337	18	
1537.698	18	
343.7856	18.01	
1435.0833	18.01	
1622.3939	18.02	
1497.6066	18.03	
1388.5929	18.04	
1151.5091	18.05	
240.3119	18.09	
735.9093	18.1	
429.0077	18.12	
1164.5139	18.12	
205.404	18.15	
860.8699	18.15	
309.5591	18.16	
651.5273	18.16	
659.1615	18.21	
963.4374	18.21	
431.121	18.23	
984.7011	18.23	
881.7252	18.24	
1682.8113	18.28	
1256.5468	18.29	
297.2824	18.32	
197.2232	18.36	
129.9712	18.41	
948.4364	18.48	
981.6152	18.48	
1224.9648	18.48	
2465.2557	18.5	
168.1936	18.52	
1306.5253	18.52	
137.1417	18.53	
647.1975	18.6	
224.4899	18.65	
794.4109	18.72	
115.2883	18.75	
1231.6295	18.75	
296.5573	18.78	
129.4147	19	
315.2923	19	
2400.441	19	
361.5835	19.01	
1149.7117	19.01	
1334.145	19.02	
746.4314	19.03	
1407.6058	19.03	
449.4603	19.05	
767.3718	19.07	
709.2365	19.08	
1323.6668	19.08	
346.426	19.09	
419.0951	19.09	
274.4116	19.11	
478.0562	19.11	
990.4018	19.11	
246.75	19.12	
470.6041	19.12	
1241.5242	19.12	
1412.6306	19.15	
422.1145	19.16	
356.8143	19.17	
409.5798	19.17	
844.3279	19.2	
569.2017	19.21	
678.758	19.21	
669.7601	19.27	
1393.6629	19.28	
787.999	19.34	
854.4959	19.34	
1018.256	19.35	
2418.6962	19.35	
200.1367	19.36	
210.5637	19.41	
1017.2701	19.44	
862.86	19.47	
1239.6267	19.48	
1173.5672	19.5	
160.3671	19.56	
342.6133	19.56	
202.2547	19.6	
235.3129	19.6	
1176.4029	19.6	
387.8936	19.66	
509.039	19.66	
169.9815	19.68	
549.3006	19.68	
127.4027	19.69	
1392.56	19.72	
602.3325	19.78	
884.4136	19.8	
1140.6142	19.88	
108.5144	19.9	
242.3691	20	
687.2753	20.01	
1084.4799	20.01	
1091.4499	20.01	
1474.7081	20.01	
875.2162	20.02	
1034.489	20.02	
652.3527	20.03	
132.4891	20.06	
614.3773	20.08	
843.2762	20.08	
216.4118	20.09	
477.2754	20.12	
1017.7126	20.12	
1271.624	20.12	
267.159	20.14	
1072.5391	20.14	
264.6375	20.17	
526.4286	20.19	
143.4069	20.21	
155.2063	20.21	
384.7426	20.23	
209.4537	20.29	
713.8075	20.33	
1881.8477	20.33	
1413.6337	20.34	
526.1743	20.36	
411.3014	20.38	
683.4225	20.38	
1646.0548	20.42	
1055.4557	20.44	
1259.5486	20.5	
887.3232	20.53	
603.2708	20.62	
422.5103	20.64	
1050.5381	20.64	
239.8862	20.66	
206.2201	20.78	
341.4564	20.78	
357.3196	20.78	
386.4778	20.78	
537.5233	20.78	
1798.1551	20.78	
263.6179	20.88	
1125.7663	20.9	
1251.5698	20.9	
333.0757	21	
356.9457	21	
448.4073	21	
523.9355	21	
1230.5877	21	
240.2042	21.01	
308.9555	21.01	
487.2686	21.01	
854.1734	21.01	
114.1432	21.02	
920.362	21.02	
1369.9205	21.02	
408.3216	21.04	
341.4939	21.06	
1328.5646	21.07	
118.4292	21.08	
412.6241	21.08	
1177.5613	21.08	
1576.7175	21.08	
650.899	21.09	
2966.2051	21.1	
864.2487	21.11	
1052.3536	21.12	
1281.5573	21.15	
734.4863	21.19	
1545.1487	21.2	
253.6875	21.21	
995.5073	21.21	
2205.5678	21.22	
2758.5515	21.22	
631.1347	21.25	
641.3673	21.28	
1008.4643	21.31	
296.2953	21.33	
400.0218	21.33	
363.7015	21.4	
466.7329	21.42	
318.4286	21.48	
1015.3522	21.49	
170.1094	21.5	
1406.0238	21.67	
606.7325	21.69	
800.411	21.9	
130.1433	22	
437.1084	22	
1472.6	22	
272.1672	22.01	
819.2387	22.01	
946.3472	22.01	
159.5012	22.03	
339.5451	22.03	
209.4891	22.04	
1167.4672	22.04	
1277.6285	22.04	
1233.5645	22.07	
627.5412	22.08	
176.6367	22.1	
1222.6268	22.12	
336.5252	22.15	
728.0902	22.15	
603.8901	22.16	
706.4187	22.16	
282.6013	22.17	
1035.3983	22.17	
501.2817	22.21	
1298.5613	22.23	
1005.4983	22.25	
1015.4613	22.27	
311.7355	22.36	
542.118	22.38	
1679.8177	22.44	
1218.4982	22.46	
1626.0919	22.46	
194.4605	22.49	
301.5743	22.5	
2952.2032	22.53	
958.3508	22.6	
499.0843	22.69	
1443.6173	22.69	
1460.6239	22.69	
624.073	22.78	
814.7782	22.82	
157.3403	22.97	
469.523	22.97	
195.1542	23	
699.5697	23	
2845.6085	23	
831.3566	23.01	
927.4289	23.01	
1384.4644	23.01	
1666.9624	23.03	
435.2646	23.04	
850.2666	23.04	
969.6939	23.04	
159.5582	23.05	
373.8131	23.08	
1186.5584	23.08	
2894.4856	23.08	
1151.7986	23.09	
1339.5455	23.1	
308.6081	23.12	
759.4205	23.13	
125.9277	23.14	
213.7412	23.14	
320.2124	23.14	
855.4635	23.23	
223.2811	23.27	
1644.7495	23.27	
170.7628	23.33	
780.2808	23.33	
688.1725	23.34	
748.9593	23.35	
1577.67	23.35	
1690.7877	23.35	
267.5573	23.39	
640.188	23.41	
582.8741	23.44	
298.7053	23.45	
429.7154	23.45	
228.0465	23.57	
664.303	23.57	
1363.6254	23.62	
419.2444	23.64	
690.2792	23.64	
2118.763	23.65	
406.2898	23.72	
264.3661	24	
1544.8343	24	
2802.4994	24	
1486.6646	24.01	
1566.7414	24.01	
814.6391	24.02	
1800.678	24.02	
1678.7051	24.03	
375.152	24.05	
1339.6079	24.05	
517.2741	24.07	
745.2539	24.1	
557.2673	24.12	
308.7666	24.14	
1086.4149	24.15	
243.0463	24.16	
1551.947	24.16	
532.1137	24.17	
978.59	24.17	
938.4872	24.22	
1568.8144	24.24	
1029.4337	24.25	
2932.7568	24.27	
355.7516	24.33	
1414.9965	24.33	
708.0156	24.46	
621.8999	24.53	
922.462	24.6	
1526.6421	24.6	
1149.6105	24.68	
773.3864	24.92	
135.6767	25	
525.5358	25	
224.7864	25.01	
1034.5805	25.01	
439.2185	25.03	
649.333	25.04	
1017.9454	25.04	
1243.6017	25.04	
391.4543	25.05	
401.1189	25.05	
224.4564	25.09	
428.9501	25.09	
1414.6825	25.09	
1447.9373	25.11	
443.1078	25.12	
173.3717	25.17	
919.8727	25.18	
645.544	25.19	
506.7072	25.2	
1052.1648	25.2	
1237.5515	25.2	
933.4152	25.27	
939.3698	25.32	
1138.0038	25.33	
1206.6133	25.33	
356.4139	25.35	
543.2607	25.35	
1301.5185	25.35	
1031.5079	25.38	
156.3477	25.39	
242.5043	25.45	
1779.8499	25.53	
352.8469	25.56	
846.5021	25.56	
1498.318	25.57	
190.0617	25.6	
752.3216	25.6	
1109.4479	25.6	
1685.8179	25.68	
506.4095	25.69	
292.0753	25.75	
679.2562	25.77	
390.6427	25.78	
916.3619	25.78	
233.2449	25.8	
1434.6967	25.89	
483.1811	25.9	
297.8488	25.92	
268.9001	25.94	
460.1634	26	
629.5992	26	
751.3772	26	
159.5277	26.01	
146.0242	26.02	
609.2379	26.02	
956.376	26.02	
239.3751	26.03	
642.4129	26.03	
484.8535	26.04	
581.4983	26.07	
317.6108	26.08	
683.2287	26.11	
114.1825	26.12	
956.5591	26.14	
1479.3299	26.15	
1400.612	26.16	
308.3082	26.17	
374.0816	26.17	
508.4272	26.18	
249.1581	26.23	
965.3459	26.28	
715.3252	26.33	
1107.7716	26.34	
1354.6731	26.34	
1325.5262	26.37	
355.3878	26.38	
528.1294	26.46	
710.5237	26.48	
820.3805	26.56	
185.3181	26.57	
523.3053	26.6	
490.2696	26.77	
791.8748	26.77	
296.5855	26.88	
362.855	26.9	
1347.8682	26.9	
199.5043	27	
240.5545	27	
263.7957	27	
471.0868	27	
1068.4348	27.01	
365.6329	27.03	
722.4509	27.04	
197.7214	27.08	
139.1437	27.1	
690.0599	27.12	
106.0874	27.16	
331.2149	27.16	
1212.7306	27.19	
583.5278	27.2	
753.2743	27.2	
853.4341	27.25	
395.6641	27.29	
387.866	27.31	
563.2234	27.32	
112.0202	27.35	
250.0673	27.35	
739.2495	27.4	
928.4005	27.4	
1058.4512	27.52	
580.5865	27.78	
583.3885	27.78	
1085.4094	27.82	
372.1012	27.89	
743.2918	27.94	
345.6114	27.98	
460.074	28	
425.1219	28.01	
567.2114	28.01	
167.4957	28.02	
481.6271	28.02	
504.1962	28.04	
173.3391	28.06	
657.2444	28.06	
257.0707	28.11	
898.0772	28.14	
913.3966	28.15	
122.457	28.18	
565.7661	28.19	
1519.7329	28.19	
1299.5119	28.26	
131.0222	28.28	
441.0757	28.28	
1551.7585	28.28	
118.3537	28.29	
2046.9168	28.3	
2111.0325	28.33	
232.0549	28.36	
513.4071	28.36	
979.5166	28.44	
1318.6388	28.45	
1673.7141	28.45	
921.8978	28.49	
1008.3755	28.52	
1413.7141	28.56	
638.1568	28.66	
360.8912	28.67	
562.2856	28.68	
264.2713	28.79	
344.1389	28.82	
474.1557	28.89	
837.8539	28.9	
176.5297	29	
383.4159	29	
431.2607	29	
1162.534	29	
172.6902	29.02	
1111.4334	29.02	
1504.6764	29.02	
408.3008	29.06	
982.4645	29.07	
483.2381	29.12	
212.4838	29.13	
511.4253	29.13	
760.3211	29.14	
467.3037	29.18	
551.1949	29.19	
712.3608	29.19	
1224.488	29.19	
806.3337	29.24	
1673.7808	29.28	
333.0948	29.33	
467.4765	29.35	
1110.4792	29.4	
2469.3156	29.42	
578.8862	29.53	
1359.5863	29.65	
506.2442	29.66	
1355.586	30	
2973.5924	30	
489.2157	30.02	
919.3905	30.02	
1868.1973	30.02	
1490.6355	30.05	
1363.5796	30.06	
912.414	30.07	
944.4699	30.09	
1397.6998	30.1	
707.3927	30.12	
1426.6292	30.12	
1263.5793	30.13	
555.7741	30.16	
1391.7422	30.21	
2479.7131	30.22	
1665.8415	30.31	
1402.7176	30.32	
978.4704	30.33	
186.0677	30.35	
829.305	30.38	
1417.298	30.38	
545.15	30.46	
587.2656	30.46	
654.3427	30.47	
183.7735	30.48	
298.5506	30.67	
1165.5832	30.68	
257.1047	30.75	
806.3757	30.78	
870.0762	30.82	
531.2742	30.89	
1240.4975	30.9	
501.6786	31	
615.7775	31.02	
731.2684	31.03	
310.2876	31.05	
325.4697	31.1	
503.3149	31.12	
724.2834	31.14	
678.0518	31.15	
826.3966	31.19	
410.6425	31.2	
712.6906	31.22	
768.369	31.23	
1497.7797	31.25	
322.6729	31.27	
1709.5758	31.31	
267.341	31.38	
1393.5967	31.39	
1526.814	31.41	
219.0688	31.59	
407.4407	31.62	
226.8859	31.64	
442.2746	31.64	
101.1728	31.67	
701.2992	31.68	
329.8801	31.7	
956.7593	31.75	
1444.659	31.77	
597.274	31.78	
571.1616	31.89	
313.5175	31.92	
369.097	31.92	
749.41	31.94	
897.4504	31.97	
115.1694	32	
1451.708	32	
178.665	32.01	
219.1508	32.04	
1155.534	32.04	
1262.6034	32.07	
2473.7904	32.1	
550.3359	32.25	
396.6909	32.28	
638.13	32.35	
806.2513	32.37	
1079.4357	32.48	
1680.8325	32.48	
229.0319	32.49	
1347.2364	32.52	
317.142	32.56	
169.3707	32.57	
540.1578	32.78	
531.3723	32.88	
805.3561	32.89	
738.2711	32.9	
914.1833	32.9	
196.5534	32.92	
941.4048	32.94	
1463.6755	32.97	
762.2132	33	
295.7989	33.01	
1227.5293	33.01	
692.2439	33.03	
1092.4068	33.03	
959.446	33.04	
1111.3935	33.04	
1397.6166	33.04	
938.4446	33.09	
615.2313	33.11	
271.0929	33.14	
395.5357	33.17	
1546.6947	33.17	
860.4717	33.23	
744.3721	33.24	
1264.5926	33.28	
1258.605	33.37	
618.2367	33.38	
472.2865	33.39	
573.4802	33.39	
254.7244	33.45	
1014.0239	33.5	
654.3901	33.52	
1061.5059	33.73	
254.2826	33.76	
610.5412	33.8	
324.0249	33.88	
588.2929	33.88	
694.2872	33.9	
890.4424	34	
1307.6561	34	
201.2904	34.01	
499.6411	34.01	
1742.1203	34.01	
830.3183	34.04	
880.4268	34.08	
680.2892	34.09	
947.3883	34.09	
296.79	34.11	
363.2002	34.11	
298.7533	34.12	
333.6786	34.14	
582.7303	34.14	
653.2158	34.14	
895.4444	34.16	
1317.6521	34.25	
276.0953	34.26	
1086.9534	34.27	
1739.9456	34.32	
515.237	34.35	
413.0644	34.46	
627.1838	34.48	
693.1285	34.52	
346.1365	34.56	
1078.555	34.64	
1169.5468	34.64	
1518.6792	34.68	
955.7066	34.82	
839.3076	34.88	
1148.4287	34.91	
1297.5844	34.91	
1467.869	34.92	
1160.4757	35	
1204.5779	35	
1176.4643	35.01	
380.2615	35.02	
532.2095	35.02	
1248.4408	35.02	
437.8208	35.05	
917.3485	35.06	
551.3908	35.07	
1354.6239	35.07	
1009.5132	35.1	
1078.492	35.11	
767.3092	35.12	
762.2498	35.15	
270.7666	35.18	
949.3404	35.19	
227.9293	35.31	
356.4499	35.31	
1357.6443	35.31	
433.1282	35.32	
284.6652	35.36	
827.4166	35.37	
305.0672	35.38	
428.5831	35.41	
1247.6427	35.44	
1087.1197	35.5	
546.5052	35.53	
576.239	35.56	
415.1031	35.57	
783.3308	35.57	
706.2523	35.75	
1366.7659	35.76	
604.2895	35.78	
268.7241	36	
1093.4602	36	
263.5531	36.01	
440.4846	36.02	
799.3746	36.04	
1019.5659	36.05	
1239.4921	36.1	
405.1957	36.16	
932.4346	36.16	
128.0352	36.18	
1216.6424	36.19	
609.6476	36.35	
682.1851	36.42	
731.3935	36.44	
1252.5358	36.44	
1514.7674	36.48	
479.9876	36.49	
1383.5287	36.52	
197.9908	36.57	
262.257	36.57	
763.2765	36.57	
841.3023	36.61	
227.5969	36.88	
270.2142	36.88	
1452.6748	37	
239.0449	37.01	
1653.7489	37.01	
822.4033	37.03	
879.9112	37.04	
1481.6836	37.05	
657.3497	37.07	
1175.5586	37.09	
1153.486	37.14	
851.3515	37.17	
1620.8543	37.17	
1128.5381	37.22	
411.6559	37.25	
597.0902	37.32	
869.4478	37.34	
147.1025	37.35	
849.0207	37.35	
751.2916	37.41	
769.2543	37.45	
1292.0412	37.45	
375.1999	37.49	
774.3677	37.54	
1995.1986	37.64	
353.4674	37.82	
1478.6542	37.89	
1202.5233	37.93	
776.3695	37.97	
134.1787	38	
332.2009	38	
958.5085	38	
957.4169	38.02	
771.295	38.07	
240.5326	38.15	
785.2967	38.15	
820.4329	38.15	
639.3022	38.16	
296.3319	38.24	
1203.5852	38.24	
790.4186	38.27	
1417.6382	38.31	
402.3598	38.33	
540.113	38.39	
439.1888	38.42	
592.3162	38.46	
940.3855	38.6	
651.837	38.61	
1090.4983	38.64	
475.2024	38.85	
989.5147	38.89	
1060.5229	38.89	
456.8009	39	
186.0854	39.03	
409.6076	39.04	
1279.5564	39.04	
742.2959	39.29	
343.2413	39.31	
469.0425	39.45	
1606.7385	39.53	
917.4359	39.56	
227.0549	39.6	
438.732	39.91	
440.7346	39.97	
409.8752	40	
456.9036	40	
1042.3859	40.03	
661.3134	40.04	
790.2542	40.04	
1021.4528	40.04	
1092.4721	40.05	
547.074	40.07	
1624.6494	40.14	
233.0387	40.23	
1323.553	40.24	
958.31	40.25	
944.4164	40.3	
903.3168	40.32	
273.8657	40.34	
201.2368	40.45	
614.2285	40.56	
356.2301	40.58	
736.9562	40.6	
640.8578	40.61	
1015.4852	40.64	
1506.6439	40.72	
1007.3644	40.77	
525.7111	40.82	
576.315	40.91	
171.8618	40.93	
752.2846	40.97	
575.2044	41.01	
611.2668	41.01	
341.0775	41.02	
1060.4057	41.08	
609.3224	41.25	
776.2949	41.25	
617.2102	41.33	
550.6402	41.34	
394.2085	41.41	
468.1248	41.45	
552.2952	41.45	
925.4519	41.52	
270.6293	41.56	
866.4461	41.57	
782.3312	41.68	
1254.5668	41.69	
1203.4648	41.72	
193.1333	42	
450.7581	42	
689.2112	42	
1420.6497	42	
289.1691	42.01	
342.1629	42.02	
1242.5652	42.03	
196.0878	42.09	
699.8717	42.12	
457.1145	42.25	
192.1237	42.27	
218.1845	42.29	
801.0053	42.38	
613.2102	42.39	
468.0254	42.42	
317.1105	42.44	
898.3516	42.45	
523.1076	42.46	
345.1343	42.49	
361.1749	42.51	
1253.4987	42.53	
1343.3736	42.56	
821.5257	42.57	
424.3276	42.6	
154.1016	42.7	
1325.5929	42.78	
1243.6488	42.82	
1235.4375	42.86	
1161.5676	42.94	
1197.4913	43	
1331.6452	43	
219.1153	43.01	
322.4732	43.01	
424.1192	43.01	
486.2375	43.01	
624.2376	43.07	
440.6471	43.14	
211.3644	43.23	
678.3133	43.31	
488.164	43.46	
813.4295	43.46	
691.2389	43.52	
176.0505	43.56	
700.2411	43.56	
1293.5302	43.6	
358.1881	43.75	
1234.5107	43.75	
324.2178	43.89	
1257.5215	43.9	
782.3678	44	
1423.6803	44	
585.267	44.01	
263.5191	44.06	
409.3125	44.07	
1492.7018	44.07	
1334.5764	44.08	
678.2824	44.15	
1027.4023	44.2	
291.0954	44.23	
291.7602	44.26	
1125.5348	44.38	
1173.4808	44.43	
594.1772	44.52	
1482.9004	44.52	
993.4554	44.53	
1396.6336	44.58	
1350.5854	44.66	
544.2303	44.82	
789.5886	44.84	
836.3199	44.9	
505.3141	44.94	
433.2217	45	
840.2326	45.02	
356.3743	45.08	
128.5854	45.1	
644.2653	45.1	
826.0821	45.12	
1374.6662	45.13	
672.3084	45.16	
702.3126	45.19	
702.3431	45.25	
1124.4841	45.26	
692.3517	45.27	
1104.5197	45.29	
904.4383	45.33	
1498.6589	45.34	
151.4632	45.36	
847.4209	45.38	
390.171	45.44	
629.2324	45.45	
218.5596	45.49	
671.2353	45.52	
601.2395	45.6	
727.29	45.66	
170.0251	45.68	
426.4703	45.72	
1284.5714	45.89	
518.2861	46.02	
622.0426	46.02	
321.3006	46.03	
496.7554	46.05	
724.3205	46.05	
390.2118	46.07	
1932.4351	46.07	
1267.6102	46.1	
303.1472	46.13	
923.3562	46.15	
950.3951	46.19	
345.0887	46.27	
1479.5707	46.35	
522.1402	46.37	
924.398	46.39	
2460.3261	46.42	
1002.4351	46.49	
645.2528	46.83	
588.1914	46.84	
434.2174	46.92	
1013.3274	47.04	
595.1988	47.05	
612.2487	47.11	
447.203	47.12	
617.3701	47.14	
1487.4854	47.23	
1543.7007	47.29	
1151.4661	47.34	
1366.0989	47.39	
1296.6144	47.44	
906.4608	47.47	
989.3156	47.52	
1327.59	47.53	
405.7823	47.54	
935.2023	47.61	
1578.7745	47.65	
298.7916	47.84	
1116.494	47.84	
856.3102	47.9	
1403.6229	47.9	
857.3201	47.92	
1070.4133	47.93	
898.3147	47.98	
343.0767	47.99	
785.3259	48.01	
1307.5632	48.01	
1357.725	48.01	
1106.5983	48.09	
502.2437	48.12	
1311.5801	48.21	
580.1634	48.22	
1656.7467	48.26	
1142.5087	48.33	
613.0518	48.38	
560.2288	48.41	
265.6263	48.44	
1201.4922	48.44	
1343.693	48.44	
845.457	48.5	
1246.501	48.56	
695.2928	48.62	
701.4002	48.64	
1378.8188	48.64	
1330.6223	48.69	
1143.49	48.76	
481.1407	48.77	
727.3652	48.8	
860.3896	48.8	
170.9512	48.89	
837.316	48.91	
854.261	49.01	
689.3387	49.03	
1029.524	49.1	
863.2339	49.11	
881.4378	49.2	
733.2717	49.24	
662.215	49.25	
1003.4036	49.29	
1308.6132	49.35	
486.1782	49.45	
1112.4088	49.48	
1140.4472	49.59	
523.268	49.63	
1182.5064	49.68	
470.1105	49.72	
1041.4463	49.76	
916.447	49.77	
608.3293	49.8	
514.1268	49.82	
133.2049	49.89	
701.3509	50	
143.0823	50.05	
874.4367	50.05	
1579.7563	50.09	
940.4357	50.13	
283.0923	50.14	
654.2981	50.14	
357.1134	50.15	
336.0963	50.2	
626.2466	50.28	
965.4306	50.29	
440.048	50.39	
879.2708	50.58	
791.3862	50.71	
617.2366	50.75	
202.1021	50.89	
775.2874	50.9	
375.1295	50.98	
513.1637	51.06	
175.3541	51.07	
1333.5591	51.09	
308.1984	51.18	
304.1075	51.44	
1307.5018	51.44	
159.8201	51.46	
1260.6701	51.49	
194.4177	51.54	
979.4666	51.57	
646.2434	51.59	
412.294	51.6	
350.2106	51.75	
994.4737	52.02	
934.4348	52.06	
667.2529	52.2	
632.3191	52.22	
897.8375	52.3	
320.0877	52.34	
669.3173	52.43	
453.1247	52.45	
874.7657	52.49	
165.1205	52.51	
1044.4926	52.52	
239.3169	52.53	
1087.4277	52.65	
631.2284	52.68	
318.3981	52.74	
1049.5079	52.79	
578.3377	52.8	
832.3729	52.85	
1250.4824	52.91	
578.4717	52.96	
1005.4131	52.96	
1464.6419	52.96	
463.2259	53	
789.2463	53	
160.7194	53.01	
774.3987	53.01	
1379.5676	53.01	
802.3194	53.07	
582.1866	53.08	
1069.4229	53.09	
494.163	53.14	
1264.6956	53.2	
1436.6242	53.33	
1491.6275	53.35	
116.05	53.45	
225.4078	53.52	
276.9341	53.56	
1124.5728	53.62	
223.8301	53.67	
490.1812	53.77	
1120.5201	53.9	
883.3684	54	
1005.547	54	
1043.5157	54	
1517.7215	54	
1074.522	54.01	
1137.4766	54.01	
452.287	54.03	
1062.5425	54.04	
148.053	54.05	
124.11	54.14	
864.4727	54.14	
1322.5804	54.16	
226.7028	54.32	
498.1518	54.45	
863.4109	54.58	
445.1733	54.59	
982.3923	54.65	
559.2341	54.75	
551.1565	54.92	
738.3997	55	
853.4009	55	
957.3634	55	
1450.6487	55	
752.3667	55.01	
898.4211	55.01	
1020.3652	55.01	
363.7898	55.05	
947.506	55.08	
1491.5915	55.08	
511.2334	55.12	
654.2358	55.22	
340.7877	55.25	
1539.7409	55.26	
1108.4896	55.29	
1180.4734	55.3	
1114.4804	55.34	
847.5584	55.64	
1143.5702	55.65	
660.222	55.76	
1308.567	55.78	
332.0973	55.91	
496.4763	56.01	
1353.5768	56.08	
146.2469	56.17	
816.3258	56.2	
366.5919	56.23	
396.3935	56.28	
282.5331	56.29	
473.735	56.37	
273.1411	56.41	
487.1989	56.88	
296.0271	56.94	
890.3343	57	
281.2296	57.01	
957.4998	57.01	
245.0438	57.12	
649.2823	57.12	
839.3757	57.28	
191.0499	57.44	
291.1271	57.44	
1645.7388	57.44	
1086.541	57.45	
149.0727	57.49	
838.3208	57.57	
713.3398	57.89	
572.1327	58	
455.1079	58.06	
627.2338	58.12	
676.2533	58.12	
952.4439	58.14	
526.0978	58.25	
434.1197	58.45	
1533.7247	58.48	
741.2597	58.58	
246.0643	58.59	
340.207	58.73	
511.2663	58.75	
1308.4971	58.83	
1175.4533	58.88	
721.3242	59.02	
1178.4335	59.08	
908.3158	59.14	
1212.5118	59.21	
905.9226	59.22	
809.3017	59.28	
872.2871	59.51	
919.4618	59.62	
317.3724	59.7	
522.207	59.81	
954.4515	59.9	
891.4835	59.91	
246.0899	60	
605.2455	60	
682.2578	60	
431.1917	60.01	
1099.6801	60.02	
411.8765	60.09	
1395.66	60.1	
514.1918	60.12	
303.1023	60.15	
175.0546	60.22	
1189.1526	60.38	
1137.5311	60.45	
670.2404	60.56	
721.4111	60.56	
1267.4794	60.56	
1306.6639	60.58	
1395.5741	60.65	
833.3289	60.76	
960.4386	60.78	
615.2656	61	
1229.5517	61	
481.2687	61.01	
624.1944	61.02	
726.2207	61.09	
522.2341	61.16	
753.3242	61.21	
493.1829	61.3	
503.1699	61.36	
552.2536	61.44	
264.4398	61.45	
1589.7506	61.45	
416.1368	61.51	
749.3291	61.62	
214.0972	61.71	
272.8801	61.78	
420.1005	61.78	
824.2829	61.92	
860.35	62	
1012.4093	62	
1030.0048	62	
878.397	62.03	
907.2834	62.16	
1514.7351	62.16	
747.3808	62.2	
576.2896	62.24	
766.3419	62.25	
948.3764	62.29	
1495.6848	62.33	
843.3167	62.37	
2095.2554	62.44	
552.2101	62.49	
301.2206	62.73	
442.1175	63	
783.272	63.01	
1158.4946	63.01	
438.1366	63.14	
482.4602	63.18	
645.3274	63.2	
720.9102	63.26	
927.3309	63.29	
881.3662	63.33	
1337.5692	63.36	
684.2756	63.4	
790.3876	63.45	
238.1893	63.51	
784.2939	63.58	
446.1563	63.6	
293.1184	63.68	
751.3458	63.76	
500.1927	64.01	
1068.0381	64.01	
1298.6231	64.07	
594.3026	64.16	
223.3898	64.21	
981.4098	64.31	
798.393	64.41	
208.0789	64.44	
1043.4091	64.52	
545.2181	64.78	
1402.6699	64.79	
264.8693	65.04	
1206.737	65.13	
515.1994	65.21	
946.3856	65.24	
431.1657	65.34	
423.1477	65.36	
458.1791	65.37	
786.2943	65.39	
532.058	65.4	
519.3229	65.42	
1085.4594	65.49	
1466.6654	65.49	
748.2831	65.52	
1341.5245	65.53	
520.3561	65.58	
367.2666	65.64	
418.0503	65.76	
210.1216	65.86	
1007.4563	65.9	
249.0748	66	
542.2474	66.02	
1218.3934	66.09	
1006.5228	66.26	
1128.4391	66.53	
463.2503	66.62	
845.4117	66.63	
1468.6666	66.78	
694.3807	66.86	
1152.489	66.88	
362.1657	67.07	
1205.6104	67.07	
425.6458	67.15	
245.1625	67.28	
650.2803	67.32	
859.4098	67.36	
465.175	67.41	
920.4452	67.41	
548.2332	67.45	
735.3234	67.47	
1169.5109	67.57	
1043.4771	67.63	
1112.4495	67.76	
381.2372	67.78	
776.3342	67.78	
648.3403	67.79	
205.134	67.8	
972.3807	68	
1148.557	68	
373.0879	68.06	
769.3086	68.08	
238.5329	68.15	
705.3014	68.15	
1295.6191	68.2	
663.2623	68.39	
589.2743	68.81	
702.266	69.01	
861.319	69.06	
1418.6756	69.15	
522.2803	69.72	
177.1352	70.01	
469.1463	70.07	
755.2804	70.22	
1663.8089	70.28	
372.1655	70.69	
449.1468	70.76	
454.1698	70.78	
766.3879	70.88	
628.1776	71.01	
500.1464	71.06	
279.1417	71.08	
159.8044	71.11	
684.9483	71.12	
1385.6264	71.43	
528.2333	71.5	
787.3401	71.91	
223.5772	72	
778.3465	72	
262.1162	72.03	
809.3838	72.17	
820.3444	72.18	
750.285	72.45	
166.0329	72.46	
818.3352	72.52	
825.364	72.53	
1703.8108	72.57	
725.3392	72.61	
1051.4314	72.66	
165.0499	72.74	
473.1835	72.84	
884.3441	72.85	
333.2012	72.88	
146.0604	72.91	
434.1863	73	
607.2222	73.01	
153.1365	73.12	
710.3116	73.2	
955.6235	73.24	
835.2429	73.29	
1065.4296	73.37	
494.2436	73.48	
658.2106	73.52	
899.3703	74.01	
974.506	74.02	
299.1699	74.1	
162.0352	74.15	
501.2286	74.21	
688.2725	74.26	
748.4031	74.26	
626.2748	74.33	
394.1164	74.39	
1448.6393	74.4	
1469.6658	74.49	
889.3996	74.56	
172.1393	74.58	
1154.4965	74.6	
231.0922	74.66	
246.1204	74.72	
328.0723	74.95	
462.1867	75	
1015.0048	75	
854.399	75.11	
665.3161	75.16	
992.4948	75.23	
182.0527	75.26	
326.2235	75.43	
363.1642	75.49	
744.3365	75.71	
915.8034	75.72	
491.2747	75.78	
213.1556	75.82	
758.2829	75.91	
207.1489	76.12	
336.2618	76.28	
810.6365	76.4	
1423.6183	76.56	
813.3494	76.58	
399.2048	76.92	
945.4314	77	
491.2178	77.33	
673.3589	77.38	
1512.6798	77.59	
575.2504	78	
907.4346	78.13	
819.3663	78.15	
557.2168	78.2	
409.2194	78.25	
457.1874	78.32	
814.32	78.6	
512.2401	78.66	
271.0549	78.77	
1276.6003	78.78	
1131.4838	78.82	
306.1723	78.84	
691.3212	79.05	
1106.4974	79.07	
1071.4507	79.08	
662.2744	79.11	
847.3477	79.14	
397.2327	79.17	
169.1287	79.22	
574.2442	79.28	
581.2734	79.6	
407.2012	79.7	
262.0676	79.75	
534.2132	79.94	
1296.4944	80	
746.3946	80.16	
615.3289	80.25	
125.0016	80.35	
222.0835	80.41	
251.5961	80.46	
1086.608	80.65	
682.3084	81	
773.3045	81.02	
735.2826	81.05	
1006.3397	81.11	
570.3031	81.13	
1296.4607	81.21	
1691.8085	81.22	
1130.4802	81.23	
592.2466	81.33	
1123.5874	81.41	
560.3557	81.7	
718.2184	81.79	
1258.5032	81.84	
223.9731	82	
254.0591	82.02	
1181.5367	82.02	
383.2592	82.05	
484.2348	82.05	
397.6474	82.1	
251.1461	82.11	
936.4412	82.15	
278.0569	82.22	
1674.6208	82.22	
1409.6346	82.31	
1047.5038	82.35	
942.3688	82.4	
667.3639	82.67	
1170.5024	82.8	
130.1021	82.88	
723.2603	82.93	
208.1031	82.94	
527.2937	83	
529.232	83	
678.3604	83	
457.2684	83.1	
368.0909	83.24	
801.3687	83.24	
792.3849	83.43	
556.3241	83.46	
597.2202	83.6	
1183.4772	83.64	
1037.5038	83.9	
695.3735	84	
227.2458	84.02	
706.3062	84.06	
480.1313	84.1	
1497.6985	84.11	
1021.5278	84.12	
822.3663	84.26	
962.3533	84.26	
598.3004	84.31	
540.2693	84.33	
696.2865	84.53	
221.0918	84.59	
614.2041	84.6	
715.2339	84.64	
173.1281	84.88	
233.0565	85.05	
624.3249	85.15	
407.1359	85.25	
228.166	85.26	
123.093	85.32	
465.2269	85.39	
1107.5474	85.47	
430.1413	85.49	
1369.6005	85.64	
1289.56	85.67	
1145.6233	85.71	
708.2726	85.92	
573.2409	86.11	
1493.6948	86.13	
604.2425	86.16	
666.311	86.24	
756.2922	86.27	
612.2189	86.38	
803.3674	86.4	
867.394	86.41	
158.0233	86.55	
938.8768	86.68	
704.2903	86.76	
637.3981	86.86	
1380.5907	86.99	
163.0772	87	
1113.5042	87.24	
857.4059	87.34	
419.2098	87.51	
1189.589	87.62	
1033.5134	87.74	
516.2664	87.89	
666.359	87.91	
1361.6918	87.93	
1208.4399	88.09	
227.9972	88.17	
429.151	88.28	
516.2213	88.66	
1087.5743	88.82	
985.4496	88.89	
708.2192	89.01	
858.3836	89.01	
1395.6188	89.04	
140.053	89.08	
429.1307	89.18	
704.2613	89.23	
613.3088	89.38	
166.0692	89.49	
514.2969	89.63	
237.1604	89.65	
650.2469	89.65	
470.2044	90.01	
544.1863	90.04	
1708.8093	90.12	
980.4774	90.13	
858.3001	90.26	
649.2541	90.35	
837.373	90.45	
550.2035	90.49	
1037.4307	90.49	
177.0974	90.61	
553.3195	90.73	
337.1841	90.89	
345.1775	91.26	
448.196	91.54	
527.2056	91.55	
1707.8038	91.62	
514.2481	91.82	
1625.785	91.88	
152.1406	91.9	
775.3193	92.02	
354.2147	92.04	
901.3348	92.04	
470.1542	92.08	
930.3498	92.11	
136.0862	92.2	
205.0936	92.21	
1088.5253	92.34	
464.2266	92.36	
615.1916	92.37	
325.0994	92.38	
619.3258	92.45	
765.3728	92.96	
683.3695	93.02	
628.2396	93.03	
982.3561	93.03	
1106.5361	93.16	
668.2138	93.23	
122.0951	93.34	
492.2254	93.37	
732.2999	94	
635.1369	94.23	
215.0448	94.26	
725.2737	94.31	
788.416	94.43	
427.1689	94.65	
986.5154	94.74	
616.2927	94.81	
524.3255	95.07	
217.043	95.12	
245.0783	95.22	
1375.6694	95.44	
380.2117	95.47	
698.397	95.59	
711.308	95.86	
875.4447	95.86	
659.2656	96	
622.3111	96.06	
887.4213	96.1	
638.3239	96.2	
138.0521	96.24	
724.2101	96.25	
655.1683	96.33	
1398.6388	96.48	
234.1586	96.63	
342.0939	96.78	
1010.7896	96.96	
1352.5674	97.15	
953.4069	97.29	
334.0898	97.33	
355.2664	97.38	
726.2969	97.57	
158.09	97.66	
886.3059	97.76	
406.1544	98.01	
1480.675	98.02	
865.4081	98.12	
620.2685	98.2	
518.2093	98.52	
1531.7232	98.57	
1458.6398	98.65	
842.2967	98.76	
539.211	98.89	
650.3268	99.08	
656.2824	99.12	
250.1516	99.14	
478.2611	99.15	
369.1404	99.21	
281.0566	99.28	
361.1284	99.3	
397.1592	99.68	
1190.5885	99.76	
1156.4551	100.03	
668.3224	100.18	
773.3443	100.38	
201.0347	100.47	
1225.5513	100.53	
432.1627	101.01	
790.3209	101.01	
671.2652	101.05	
998.4272	101.48	
294.1244	101.49	
446.1961	101.64	
640.2253	101.97	
251.0819	102	
832.4078	102.01	
770.2701	102.03	
255.1737	102.12	
405.1186	102.12	
355.1052	102.13	
878.3633	102.21	
1342.6041	102.22	
562.1892	102.23	
379.2287	102.29	
346.1795	102.31	
210.0661	102.34	
408.1353	102.35	
174.1224	102.36	
260.136	102.39	
324.1866	102.46	
311.1197	102.86	
1378.6732	102.89	
451.1643	103	
470.2916	103	
864.3864	103.01	
156.1168	103.04	
302.081	103.12	
1160.5567	103.24	
482.2472	103.32	
789.3005	103.34	
675.3108	103.38	
338.152	103.44	
920.412	103.52	
804.3573	103.67	
205.0423	103.76	
676.3632	103.76	
718.3132	103.85	
259.0948	103.88	
300.0657	103.88	
212.0826	104	
696.3835	104	
304.0694	104.01	
1092.5412	104.02	
987.4587	104.04	
1313.5762	104.13	
902.3632	104.14	
472.1631	104.24	
1349.6048	104.39	
639.2683	104.6	
221.1068	104.61	
709.2692	104.7	
888.4489	104.72	
1208.4988	104.82	
1080.4507	105.02	
975.5161	105.05	
994.3425	105.05	
600.246	105.07	
429.1942	105.21	
189.0641	105.39	
1141.4721	105.42	
1623.6712	105.5	
677.3801	105.67	
868.3714	105.96	
112.0863	106.05	
569.2689	106.18	
1010.466	106.22	
807.3949	106.28	
300.207	106.32	
1255.5522	106.4	
172.043	106.52	
995.3757	106.53	
455.1891	107.03	
675.2514	107.27	
711.2212	107.68	
388.2168	107.85	
479.1704	108.04	
609.2937	108.04	
677.2733	108.07	
637.6594	108.2	
465.2609	108.26	
323.2032	108.43	
632.2343	108.52	
437.213	108.63	
296.1882	108.78	
462.2344	108.78	
1140.5027	109.01	
418.159	109.67	
503.279	109.74	
246.0436	109.88	
363.1397	110	
414.2139	110.05	
852.3512	110.43	
340.0268	110.64	
643.2312	110.82	
622.2479	110.86	
413.147	110.93	
350.1726	111	
697.2686	111.44	
561.1798	111.55	
165.069	111.84	
951.3976	111.97	
509.1698	112.13	
434.1619	112.21	
660.3181	112.45	
761.3294	112.63	
975.4726	112.8	
777.3052	113	
423.1759	113.01	
110.073	113.17	
471.2348	113.17	
352.1167	113.31	
321.0935	113.46	
326.0872	113.56	
501.1884	114.13	
572.2419	114.14	
484.1565	114.19	
449.1828	114.22	
232.0761	114.25	
275.0686	114.33	
143.03	114.35	
746.3156	114.36	
810.298	114.41	
128.0155	114.5	
623.1816	114.56	
901.4055	114.58	
966.4009	114.92	
135.0908	115.02	
374.2234	115.05	
229.1001	115.06	
527.1713	115.11	
891.4276	115.22	
485.2574	115.43	
279.0801	115.5	
145.0563	115.63	
142.0641	115.75	
976.3855	116.03	
476.2231	116.06	
488.1286	116.57	
621.2123	116.73	
1288.6474	117	
515.1737	117.01	
1462.642	117.2	
717.277	117.25	
187.0515	117.28	
834.3666	117.29	
423.2119	117.37	
855.3866	117.4	
245.1397	117.46	
874.2971	117.63	
469.2065	118.02	
586.2555	118.14	
366.1592	118.22	
634.2957	118.26	
853.3248	118.36	
1136.6042	118.4	
182.1253	118.94	
554.1614	119	
1187.6055	119	
574.271	119.04	
693.38	119.32	
389.1263	119.35	
571.1983	119.36	
703.3081	119.45	
983.4195	119.54	
419.1714	119.78	
1526.7136	119.88	
463.1732	120	
728.3232	120.02	
288.0984	120.04	
281.2014	120.24	
841.375	120.75	
543.1575	120.98	
402.1771	121.17	
975.4061	121.24	
270.07	121.32	
461.2175	121.35	
368.1809	121.56	
229.1666	121.61	
581.224	121.93	
492.2736	122.01	
207.1111	122.04	
153.0459	122.17	
664.2523	122.17	
101.107	122.29	
268.1779	122.3	
319.1726	122.86	
320.1807	123.11	
511.1821	123.18	
792.4209	123.46	
190.0286	123.9	
236.1391	124.02	
342.1223	124.09	
738.3393	124.24	
1596.7657	124.27	
183.0659	125	
455.2184	125.05	
363.1066	125.28	
453.2961	125.6	
214.0664	126.02	
1095.4487	126.11	
496.26	126.24	
198.1236	126.25	
269.0612	126.52	
280.1968	126.52	
669.2758	126.56	
1314.5622	126.61	
300.1372	126.65	
117.0541	126.82	
218.1274	126.96	
846.3399	127.15	
633.2425	127.56	
635.269	127.7	
442.1541	127.95	
699.2987	128.46	
426.1391	128.68	
866.8336	128.72	
451.1406	128.92	
293.198	129.18	
313.1848	129.29	
406.2447	129.48	
712.2918	129.92	
1115.4763	130.01	
823.4099	130.32	
257.1255	130.61	
334.1524	130.92	
354.1912	131.17	
636.3065	131.25	
341.2188	131.28	
146.0913	131.46	
683.2726	131.94	
1096.4051	132.02	
596.3104	132.08	
713.3061	132.08	
1507.6886	132.25	
555.2931	132.65	
248.1345	132.74	
419.1414	132.84	
191.0772	133.07	
184.0401	133.25	
199.144	133.68	
674.3289	133.82	
792.3059	134.03	
984.4048	134.07	
264.0939	134.28	
817.3288	134.41	
827.329	134.61	
570.249	134.74	
211.1745	135.08	
665.2854	135.45	
360.1663	135.58	
594.268	135.76	
533.1855	135.94	
151.1166	136.01	
230.0968	136.23	
540.2225	136.3	
116.067	136.53	
602.2451	136.73	
229.0626	137.04	
285.121	137.05	
536.2174	137.12	
386.1169	137.24	
318.1345	138.09	
630.2644	138.72	
169.0412	138.8	
593.2235	138.84	
587.8121	139.04	
568.3052	139.14	
156.01	139.18	
748.3435	139.52	
679.326	139.57	
451.2295	139.67	
503.2313	139.81	
824.3743	140.14	
707.2981	140.3	
212.1825	140.45	
598.207	140.71	
133.0855	141.11	
1067.4462	141.2	
482.2036	141.45	
564.2931	141.48	
353.2138	141.73	
516.1574	141.82	
577.2574	142.23	
367.1146	142.28	
351.1589	142.38	
374.1335	142.44	
975.3747	142.45	
351.2049	142.96	
168.1478	143.24	
273.0976	143.45	
405.1535	144	
465.202	144.13	
652.2617	144.45	
700.3001	144.49	
168.1111	144.72	
672.2034	145.48	
530.1689	145.78	
266.0579	146.01	
712.1884	146.08	
378.1358	146.09	
754.2977	146.67	
438.1856	146.73	
646.2886	146.88	
213.0343	147.25	
210.0846	147.31	
556.1994	147.6	
402.1473	148.04	
1607.73	148.33	
669.2402	148.37	
373.1223	148.72	
357.1985	148.73	
539.264	148.8	
297.1076	149.16	
801.3358	149.32	
395.139	149.52	
606.3074	149.95	
545.1806	150.05	
914.5023	150.6	
181.1342	150.75	
188.0341	151.31	
811.2813	151.35	
420.1646	151.53	
447.1438	151.62	
228.0877	151.67	
338.1797	151.67	
422.2205	151.86	
781.342	151.88	
651.7834	152.04	
194.0896	152.05	
1225.4977	152.12	
294.0902	152.15	
511.1493	152.15	
279.1839	152.69	
393.249	152.8	
151.0485	153.03	
245.111	153.07	
635.3269	153.45	
723.3271	153.52	
539.2997	153.69	
178.0589	153.7	
740.3154	153.98	
128.0664	154.2	
293.158	154.47	
212.0559	154.65	
546.2491	154.8	
370.1211	154.81	
508.2515	154.84	
1080.5518	154.95	
836.4096	155.15	
714.2634	155.28	
828.3433	155.32	
488.2216	156.02	
845.3263	156.89	
873.3667	157.01	
896.3636	157.02	
131.1182	157.1	
988.4354	157.77	
555.2534	157.92	
1027.4826	158.06	
222.1626	158.33	
905.429	158.68	
458.2132	159.01	
951.4512	159.01	
981.4921	159.13	
173.0348	159.23	
180.0801	159.25	
366.1285	159.53	
493.2733	159.89	
493.2258	159.92	
461.245	160.04	
835.3956	160.13	
233.0885	160.26	
449.2606	160.98	
235.0919	161.06	
472.2191	161.35	
221.152	161.4	
506.1957	161.89	
308.0747	161.97	
1000.377	162.01	
328.1737	162.06	
747.2955	162.15	
287.114	162.33	
950.4533	162.33	
231.0427	162.67	
611.2964	163.03	
234.0878	163.17	
596.2676	163.18	
256.1956	163.35	
709.3676	163.55	
585.321	163.68	
374.1867	164.42	
297.1355	164.58	
547.2114	164.72	
866.9682	164.77	
714.2867	165.62	
269.1586	165.64	
808.3325	166.36	
613.2651	166.63	
457.1666	167	
538.314	167	
368.142	167.11	
371.1485	167.16	
196.1082	167.78	
184.1073	167.84	
193.0753	168.04	
385.1249	168.36	
261.141	168.45	
968.4149	168.58	
933.3251	169	
351.181	169.03	
365.1249	169.11	
450.1526	169.59	
286.1326	170.09	
362.1357	170.49	
399.1674	170.61	
138.1033	170.84	
427.1958	170.93	
1509.6712	171.07	
772.3181	171.38	
350.0653	171.42	
450.1798	172.01	
549.2505	172.76	
1434.9773	172.9	
821.3607	173.66	
598.2391	174.19	
1041.3876	175.12	
143.1168	175.52	
391.1104	176.45	
762.3804	176.51	
796.3365	176.82	
789.3328	177.26	
474.2168	177.56	
561.2452	177.62	
290.1124	178.09	
521.1834	178.1	
399.1243	178.19	
237.1405	178.5	
593.2518	178.65	
169.1705	179.16	
291.2001	179.38	
255.0761	179.75	
236.1004	179.84	
150.056	179.88	
561.2991	180.03	
298.1789	180.1	
693.3066	180.16	
351.1143	180.21	
203.0856	180.62	
179.1147	180.74	
448.156	181.61	
253.142	181.67	
402.2096	182.33	
570.2209	182.67	
202.0713	182.87	
196.0522	183.11	
681.2765	184	
280.0727	185.26	
445.228	185.72	
523.205	186.04	
1017.3994	187.1	
319.0982	187.47	
745.3071	188.08	
509.2456	188.56	
462.2665	188.65	
247.1054	188.97	
268.0744	189.75	
421.1423	189.79	
444.1936	190	
373.1923	190.69	
335.1193	191.33	
544.1459	191.6	
412.1271	191.86	
563.2761	191.96	
315.1115	192.23	
588.2251	192.65	
169.0719	193.35	
436.1292	193.46	
450.2357	193.5	
325.1336	194.32	
623.2708	194.4	
141.0448	195.36	
244.074	195.61	
849.3701	195.75	
280.1467	195.89	
251.1237	196.38	
467.1234	196.38	
635.2341	196.53	
220.0997	197.02	
450.2723	197.44	
383.1181	197.62	
209.0724	197.67	
162.0561	197.9	
239.1756	198	
407.244	198.59	
481.3114	200.01	
685.2862	200.35	
215.0844	200.57	
490.208	200.62	
316.1328	201.56	
500.2385	201.87	
377.1598	201.94	
301.1561	202.12	
681.3364	202.16	
291.1625	202.24	
1057.5513	202.93	
482.2796	203.02	
379.14	203.09	
352.176	203.83	
525.2264	204.36	
823.3614	204.52	
826.312	204.65	
213.1042	204.66	
126.0879	205.16	
355.6542	205.36	
322.173	205.66	
549.2149	205.76	
481.2152	206	
333.1527	206.16	
1159.5033	206.41	
255.1517	206.56	
266.187	206.8	
156.083	207.03	
235.1588	207.25	
249.1254	207.53	
264.0757	207.61	
304.1501	208.85	
271.1245	209.02	
701.8612	209.04	
332.1493	209.21	
379.1805	210.37	
282.1733	211.13	
125.1046	211.16	
255.1157	212.08	
146.1272	212.24	
340.1068	212.47	
698.305	213.28	
1324.5811	213.47	
395.1764	214.19	
879.3419	215.01	
280.1668	215.83	
302.1197	217.46	
116.0887	218.23	
179.0978	219.25	
640.2595	219.53	
155.0624	219.56	
380.1391	219.9	
368.2254	221.47	
703.251	221.84	
677.3085	221.89	
164.0514	222.01	
775.4324	222.02	
565.2788	223.02	
443.2107	223.03	
625.2928	223.05	
330.1587	223.25	
535.2194	223.92	
607.2979	224.23	
421.1899	224.99	
737.3217	225.08	
606.2484	225.34	
142.1038	225.67	
1024.3727	226.12	
188.1017	226.29	
200.0915	226.31	
145.0413	228.71	
630.2363	228.98	
441.1824	229.92	
269.1028	230.33	
110.0967	230.78	
166.0972	230.89	
761.294	232.08	
699.2544	232.34	
131.0675	232.63	
484.1342	232.72	
299.2082	233.06	
364.193	233.32	
589.1951	233.6	
254.1262	233.95	
407.1757	233.95	
189.1042	234.11	
193.0972	234.11	
333.2281	234.14	
319.1471	234.34	
383.2073	234.36	
115.042	234.52	
220.1427	234.79	
1370.5939	235.4	
541.273	236.07	
202.1584	237.92	
905.3973	238.36	
225.1649	238.98	
244.1112	239.52	
268.1473	239.56	
591.2552	240.64	
327.1398	240.78	
369.1983	241.04	
212.1016	241.25	
217.0797	241.56	
359.1502	242.24	
400.1727	243.01	
359.1707	244.41	
768.3198	244.41	
400.2019	245.2	
468.1723	246.32	
153.066	246.35	
507.285	246.75	
139.0491	247.63	
616.2265	248.71	
378.1802	249.05	
248.1148	249.53	
596.246	250	
211.0542	250.32	
404.1888	250.65	
579.2648	251.75	
610.2934	252.01	
590.2325	252.34	
464.1932	252.4	
498.2095	253.23	
181.0554	253.65	
420.2272	254.4	
123.0526	254.54	
638.2555	254.8	
137.1082	254.96	
306.0899	255.51	
141.1006	255.96	
382.169	256.27	
228.1314	257.06	
476.1877	257.29	
313.2233	258.01	
309.1626	258.66	
1017.3661	259.18	
388.1524	259.28	
302.1544	259.78	
452.2278	260.01	
309.1047	260.52	
109.0749	261.62	
227.1349	262.01	
243.141	262.56	
337.1391	262.74	
524.2121	262.77	
371.1737	263.12	
327.2012	263.14	
364.2354	263.49	
765.3261	263.6	
174.0742	264.76	
533.2209	265	
495.2887	265.15	
340.1715	265.31	
172.1049	265.34	
686.2259	266.27	
285.1046	266.83	
428.2353	269.18	
553.2252	269.52	
310.1558	269.6	
566.2817	269.77	
638.2057	270.25	
215.1209	271.24	
485.2002	272.02	
350.1114	273.18	
509.3059	273.33	
352.1495	273.44	
253.0593	273.8	
336.134	273.81	
1508.6708	273.93	
155.1514	274.03	
584.233	274.04	
414.1759	274.54	
800.3039	275.12	
252.1316	275.25	
1624.7603	276	
523.1645	279.07	
346.0914	280.51	
384.1338	280.9	
236.0841	281.02	
915.3862	281.36	
252.112	283.48	
254.0934	284.46	
242.0953	284.57	
406.212	285.37	
397.1857	286	
416.1726	286.25	
583.2489	289	
648.281	289.26	
403.142	290.16	
365.1758	290.46	
286.0844	292.04	
277.1213	292.07	
151.085	292.55	
111.0899	294.41	
253.0986	294.62	
440.1657	295.34	
392.1665	296.55	
521.2414	296.88	
551.2533	297.21	
237.0709	297.47	
276.166	298.02	
241.145	300.09	
206.1247	300.13	
208.0414	301.21	
595.2647	301.35	
308.1049	301.44	
354.1587	304.16	
564.251	304.8	
238.0753	305.1	
280.1087	305.24	
389.1839	305.47	
608.2658	305.92	
444.168	306.08	
102.0372	307.33	
127.1216	307.66	
387.2098	311.06	
828.2943	311.65	
198.0843	313.96	
270.09	314	
510.2725	316.13	
541.2237	316.64	
217.0982	317.22	
241.0606	318.7	
385.1821	318.88	
370.1504	319.28	
562.2214	319.96	
267.1125	324.35	
425.1885	327.03	
519.21	327.13	
218.0946	327.14	
426.2151	329.09	
175.0904	331	
392.1977	331.54	
634.2373	333.04	
394.1535	333.13	
396.2274	335.22	
266.0969	337.01	
453.1987	337.56	
177.067	339.63	
266.1253	340.06	
580.2392	340.08	
653.2863	340.68	
326.1496	343.43	
481.186	343.74	
213.0667	350.26	
127.087	350.97	
223.0542	351.92	
274.1189	352.05	
480.2293	352.18	
318.0989	352.88	
267.0819	353.02	
484.2645	354	
637.2893	354.52	
232.1106	355.81	
408.1695	355.96	
147.075	356.71	
265.0644	359.09	
100.0207	359.93	
365.157	360.45	
647.2998	361.67	
357.1495	362.09	
157.0435	363.27	
326.1139	363.91	
689.2807	364.75	
364.1712	365.1	
869.3525	365.71	
179.0804	369.53	
305.1548	371.05	
268.1252	372.15	
266.147	373.62	
207.0771	378.35	
241.1007	380.13	
334.1194	380.17	
380.1781	380.37	
508.2021	381.06	
422.1705	382.51	
509.2154	383.67	
323.1167	386.1	
335.1504	386.59	
636.2553	388.38	
651.2567	389.48	
347.1686	389.78	
870.36	392.65	
260.1071	392.71	
393.1239	392.85	
150.1013	396.31	
222.124	397.72	
198.0663	398.2	
440.1996	400.08	
538.2656	400.51	
580.2669	402.01	
452.1857	402.16	
348.184	403.31	
252.0782	405.86	
181.0428	406.02	
281.1098	407.3	
105.0677	408.88	
339.144	410.85	
383.1732	410.9	
426.1846	412.42	
124.0753	412.48	
292.1429	414.14	
339.1201	415.23	
525.2801	415.57	
354.133	418.47	
479.2096	418.67	
347.1473	422.91	
323.1701	423.46	
297.1922	426.85	
314.132	427.98	
156.047	437.15	
386.1886	443.02	
276.135	445.91	
1525.6916	449.59	
353.1267	449.79	
391.196	453.08	
152.0703	453.75	
160.0925	455.6	
506.1388	457.92	
180.1111	460.96	
435.2022	464.98	
566.2247	470.51	
466.2106	473.29	
410.1844	474.44	
160.0414	474.98	
550.2454	475.06	
349.1302	484.2	
308.1358	500.36	
341.1621	500.76	
294.1831	503.02	
311.1722	503.64	
159.0583	505.1	
424.1934	506.45	
301.1343	506.64	
411.1507	507.85	
477.1967	508.85	
281.1628	513.27	
505.23	515.35	
187.0882	515.78	
265.1335	516.77	
126.0377	520.02	
240.0859	521.74	
184.1437	522.37	
734.3029	526.72	
391.1423	529.33	
274.0843	530.47	
205.0602	530.82	
886.3907	531.2	
284.1941	532.38	
410.2408	537.78	
331.1691	539.24	
169.0953	541.47	
764.3203	544	
454.2118	550.35	
284.1358	552.08	
194.1282	555.7	
142.0327	560.86	
183.0929	562.29	
513.2508	567.08	
299.1236	570.66	
565.2211	572	
307.1392	572.11	
324.102	572.54	
167.1161	573.03	
366.1904	577.58	
356.1713	598.09	
356.1473	599.32	
182.0979	605.05	
168.0826	605.68	
436.1692	609.06	
295.1372	625.63	
278.1437	628.21	
325.1873	630.74	
497.1997	631.45	
195.0753	633.34	
254.1507	634.35	
129.0656	642.22	
322.1224	644.46	
349.1679	652.08	
408.2207	653	
409.1527	664.93	
250.1171	667.09	
381.1581	673.92	
157.0969	684.46	
499.2317	684.72	
197.1625	688.86	
584.3197	694.51	
719.3032	700.37	
578.247	701.35	
537.2333	702.53	
195.1125	706.08	
157.1321	712.23	
216.0796	716	
311.2087	721.26	
144.0801	724.93	
188.0701	732.87	
101.0699	737.5	
478.1753	738.02	
353.1637	738.77	
226.0718	739.26	
178.0959	763.2	
507.2242	764.41	
315.149	764.86	
567.2958	775.46	
147.0584	776.76	
321.1558	782.13	
428.1977	784.39	
343.138	791.34	
398.1528	801.69	
288.138	808.63	
393.16	819.4	
185.1271	836.21	
310.1216	845.53	
329.1284	845.94	
442.2104	849.48	
171.06	857.9	
612.3164	869.56	
496.2001	874.36	
412.1645	877.67	
424.1651	902.73	
263.1495	907.24	
367.1746	916.68	
720.3314	918.31	
466.1771	936.16	
113.0708	943.34	
197.1064	970.01	
339.2005	977.25	
132.0801	980.27	
554.2558	983.58	
610.2452	984.74	
155.1171	996.22	
312.1006	1002.68	
209.1072	1020.78	
216.0966	1029.15	
153.1021	1044.45	
897.3595	1048.5	
456.222	1049.42	
141.0651	1051.53	
256.075	1057.44	
914.3849	1067.27	
197.0733	1101.34	
256.1107	1103.52	
211.0897	1122.66	
256.145	1128.63	
396.1707	1145.44	
181.0957	1150.47	
225.1017	1152.5	
199.0539	1157.01	
114.0362	1192.63	
341.1301	1197.27	
171.1123	1226.95	
139.0859	1272.98	
240.1352	1294.63	
384.1673	1379.83	
282.0924	1391.39	
736.3228	1401.05	
183.1127	1474.95	
206.092	1487.58	
367.1438	1497.28	
185.0729	1594.4	
125.0698	1610.22	
226.1269	1625.47	
227.0856	1651.81	
411.2047	1662.7	
155.081	1703.39	
284.1071	1720.12	
313.1338	1723.7	
272.1053	1815.52	
223.1081	1872.3	
111.0547	1876.42	
170.0598	1911.02	
387.149	1930.25	
239.0841	1949.31	
239.1177	2013.69	
468.2266	2027.66	
495.2073	2068.44	
212.1394	2104.95	
242.1287	2112.44	
582.2483	2121.46	
129.1014	2221.3	
258.0907	2387.95	
199.0902	2399.05	
467.2076	2418.69	
296.107	2828.71	
225.0678	2985.52	
211.1224	3090.56	
270.1233	3122.95	
130.0644	3544.24	
264.1341	4244.87	
238.1185	4246.28	
201.0686	4515.79	
115.0857	4711.21	
173.0732	4987.67	
355.1436	5617.7	
298.1215	6321.12	
167.0809	7259	
159.0911	7541.42	
224.1028	10980.23	

